                         0
                      -100
                       100
        -70.71067811865474
         70.71067811865476
        -38.26834323650898
         38.26834323650898
        -92.38795325112868
         92.38795325112868
        -19.50903220161282
         19.50903220161283
        -55.55702330196019
         55.55702330196023
        -83.14696123025453
         83.14696123025452
        -98.07852804032305
         98.07852804032305
        -9.801714032956065
         9.801714032956077
        -29.02846772544622
         29.02846772544623
        -47.13967368259977
         47.13967368259978
        -63.43932841636454
         63.43932841636455
         -77.3010453362737
          77.3010453362737
         -88.1921264348355
          88.1921264348355
        -95.69403357322088
         95.69403357322088
        -99.51847266721968
          99.5184726672197
        -4.906767432741801
         4.906767432741812
        -14.67304744553616
         14.67304744553618
        -24.29801799032639
          24.2980179903264
        -33.68898533922199
         33.68898533922201
        -42.75550934302819
         42.75550934302822
        -51.41027441932216
         51.41027441932216
        -59.56993044924334
         59.56993044924334
        -67.15589548470184
         67.15589548470183
        -74.09511253549589
         74.09511253549591
        -80.32075314806448
          80.3207531480645
        -85.77286100002721
         85.77286100002721
        -90.39892931234434
         90.39892931234434
        -94.15440651830207
         94.15440651830208
         -97.0031253194544
          97.0031253194544
         -98.9176509964781
          98.9176509964781
        -99.87954562051723
         99.87954562051723
        -2.454122852291214
         2.454122852291226
        -7.356456359966733
         7.356456359966746
        -12.24106751992162
         12.24106751992163
        -17.09618887603012
         17.09618887603014
        -21.91012401568696
         21.91012401568698
        -26.67127574748983
         26.67127574748984
        -31.36817403988914
         31.36817403988916
        -35.98950365349882
         35.98950365349883
        -40.52413140049897
         40.52413140049899
        -44.96113296546067
         44.96113296546066
         -49.2898192229784
         49.28981922297841
        -53.49976198870971
         53.49976198870973
        -57.58081914178453
         57.58081914178453
        -61.52315905806267
         61.52315905806268
        -65.31728429537765
         65.31728429537768
        -68.95405447370669
         68.95405447370669
        -72.42470829514667
          72.4247082951467
        -75.72088465064846
         75.72088465064846
        -78.83464276266062
         78.83464276266064
        -81.75848131515836
         81.75848131515838
        -84.48535652497071
         84.48535652497071
        -87.00869911087113
         87.00869911087115
        -89.32243011955153
         89.32243011955153
        -91.42097557035306
         91.42097557035306
        -93.29927988347389
          93.2992798834739
        -94.95281805930367
         94.95281805930367
        -96.37760657954398
         96.37760657954398
        -97.57021300385284
         97.57021300385286
        -98.52776423889412
         98.52776423889412
          -99.247953459871
           99.247953459871
        -99.72904566786902
         99.72904566786902
        -99.96988186962042
         99.96988186962042
        -1.227153828571982
         1.227153828571995
        -3.680722294135887
         3.680722294135899
        -6.132073630220853
         6.132073630220865
        -8.579731234443976
         8.579731234443988
        -11.02222072938831
         11.02222072938832
        -13.45807085071261
         13.45807085071262
        -15.88581433338613
         15.88581433338614
        -18.30398879551409
          18.3039887955141
        -20.71113761922184
         20.71113761922186
        -23.10581082806711
         23.10581082806713
        -25.48656596045145
         25.48656596045146
        -27.85196893850529
          27.8519689385053
        -30.20059493192281
         30.20059493192282
        -32.53102921622629
          32.5310292162263
        -34.84186802494344
         34.84186802494345
        -37.13171939518375
         37.13171939518376
         -39.3992040061048
         39.39920400610481
         -41.6429560097637
         41.64295600976373
        -43.86162385385274
         43.86162385385277
        -46.05387109582401
           46.053871095824
        -48.21837720791227
         48.21837720791228
        -50.35383837257174
         50.35383837257176
        -52.45896826784687
         52.45896826784688
        -54.53249884220462
         54.53249884220465
        -56.57318107836132
         56.57318107836132
        -58.57978574564389
         58.57978574564389
        -60.55110414043254
         60.55110414043256
        -62.48594881423863
         62.48594881423865
        -64.38315428897913
         64.38315428897916
        -66.24157775901719
         66.24157775901718
         -68.0600997795453
         68.06009977954531
        -69.83762494089729
         69.83762494089729
        -71.57308252838186
         71.57308252838186
        -73.26542716724127
         73.26542716724128
        -74.91363945234592
         74.91363945234593
        -76.51672656224589
         76.51672656224589
        -78.07372285720945
         78.07372285720945
        -79.58369046088835
         79.58369046088836
        -81.04571982525947
         81.04571982525948
        -82.45893027850251
         82.45893027850254
         -83.8224705554838
          83.8224705554838
        -85.13551931052652
         85.13551931052652
        -86.39728561215867
         86.39728561215868
        -87.60700941954065
         87.60700941954066
        -88.76396204028538
         88.76396204028539
         -89.8674465693954
         89.86744656939538
        -90.91679830905224
         90.91679830905224
        -91.91138516900578
         91.91138516900578
        -92.85060804732154
         92.85060804732156
        -93.73390119125749
          93.7339011912575
        -94.56073253805212
         94.56073253805212
        -95.33060403541938
         95.33060403541938
        -96.04305194155658
         96.04305194155658
        -96.69764710448521
         96.69764710448521
        -97.29399522055601
         97.29399522055601
        -97.83173707196275
         97.83173707196276
        -98.31054874312163
         98.31054874312163
        -98.73014181578584
         98.73014181578584
          -99.090263542778
           99.090263542778
         -99.3906970002356
          99.3906970002356
         -99.6312612182778
          99.6312612182778
        -99.81181129001492
         99.81181129001492
        -99.93223845883496
         99.93223845883496
        -99.99247018391445
         99.99247018391445
       -0.6135884649154393
        0.6135884649154515
         -1.84067299058047
         1.840672990580482
        -3.067480317663646
         3.067480317663658
        -4.293825693494083
         4.293825693494096
        -5.519524434968991
         5.519524434969004
        -6.744391956366398
          6.74439195636641
        -7.968243797143002
         7.968243797143012
        -9.190895649713257
         9.190895649713269
        -10.41216338720546
         10.41216338720547
        -11.63186309119047
         11.63186309119049
        -12.84981107937931
         12.84981107937932
        -14.06582393328491
         14.06582393328492
        -15.27971852584433
         15.27971852584434
          -16.491312048997
         16.49131204899701
        -17.70042204121487
         17.70042204121489
        -18.90686641498062
         18.90686641498063
        -20.11046348420918
         20.11046348420919
        -21.31103199160912
         21.31103199160914
        -22.50839113597927
         22.50839113597928
        -23.70236059943672
         23.70236059943673
        -24.89276057457201
         24.89276057457203
        -26.07941179152754
         26.07941179152756
        -27.26213554499489
          27.2621355449949
        -28.44075372112717
         28.44075372112718
        -29.61508882436238
          29.6150888243624
        -30.78496400415349
          30.7849640041535
        -31.95020308160156
         31.95020308160158
        -33.11063057598763
         33.11063057598764
        -34.26607173119942
         34.26607173119944
        -35.41635254204904
         35.41635254204905
        -36.56129978047738
          36.5612997804774
        -37.70074102164182
         37.70074102164183
        -38.83450466988262
         38.83450466988263
        -39.96241998456467
         39.96241998456468
        -41.08431710579038
         41.08431710579039
        -42.20002707997997
         42.20002707997998
        -43.30938188531519
          43.3093818853152
        -44.41221445704291
         44.41221445704293
        -45.50835871263438
         45.50835871263438
         -46.5976495767966
         46.59764957679661
        -47.67992300633219
         47.67992300633222
        -48.75501601484357
          48.7550160148436
        -49.82276669727816
         49.82276669727818
        -50.88301425431071
          50.8830142543107
        -51.93559901655897
         51.93559901655895
        -52.98036246862947
         52.98036246862948
        -54.01714727298928
          54.0171472729893
        -55.04579729366047
         55.04579729366048
        -56.06615761973359
          56.0661576197336
        -57.07807458869672
         57.07807458869674
        -58.08139580957644
         58.08139580957645
        -59.07597018588741
         59.07597018588743
        -60.06164793838688
          60.0616479383869
        -61.03828062763096
         61.03828062763095
        -62.00572117632892
         62.00572117632892
        -62.96382389149271
         62.96382389149271
        -63.91244448637757
         63.91244448637757
        -64.85144010221124
         64.85144010221126
        -65.78066932970786
         65.78066932970786
        -66.69999223036373
         66.69999223036375
        -67.60927035753159
          67.6092703575316
        -68.50836677727003
         68.50836677727004
        -69.39714608896537
          69.3971460889654
        -70.27547444572251
         70.27547444572252
        -71.14321957452165
         71.14321957452164
        -72.00025079613816
         72.00025079613816
        -72.84643904482252
         72.84643904482252
        -73.68165688773699
         73.68165688773699
        -74.50577854414659
         74.50577854414661
        -75.31867990436125
         75.31867990436125
        -76.12023854842617
         76.12023854842617
        -76.91033376455795
         76.91033376455798
        -77.68884656732324
         77.68884656732324
         -78.4556597155575
         78.45565971555753
        -79.21065773002121
         79.21065773002124
        -79.95372691079051
         79.95372691079051
        -80.68475535437993
         80.68475535437993
        -81.40363297059484
         81.40363297059484
        -82.11025149911046
         82.11025149911046
        -82.80450452577557
         82.80450452577558
        -83.48628749863801
         83.48628749863801
        -84.15549774368984
         84.15549774368985
        -84.81203448032971
         84.81203448032973
        -85.45579883654004
         85.45579883654005
         -86.0866938637767
         86.08669386377673
        -86.70462455156928
         86.70462455156927
        -87.30949784182901
         87.30949784182901
        -87.90122264286336
         87.90122264286336
        -88.47970984309377
         88.47970984309377
        -89.04487232447579
         89.04487232447579
        -89.59662497561851
         89.59662497561852
        -90.13488470460219
          90.1348847046022
        -90.65957045149153
         90.65957045149153
        -91.17060320054297
         91.17060320054298
        -91.66790599210427
         91.66790599210427
        -92.15140393420418
          92.1514039342042
        -92.62102421383113
         92.62102421383113
        -93.07669610789837
         93.07669610789837
        -93.51835099389476
         93.51835099389476
        -93.94592236021899
         93.94592236021899
        -94.35934581619604
         94.35934581619604
        -94.75855910177411
         94.75855910177411
        -95.14350209690083
         95.14350209690083
        -95.51411683057707
         95.51411683057708
        -95.87034748958715
         95.87034748958716
        -96.21214042690414
         96.21214042690416
        -96.53944416976893
         96.53944416976894
        -96.85220942744174
         96.85220942744174
        -97.15038909862518
         97.15038909862518
        -97.43393827855759
         97.43393827855759
        -97.70281426577544
         97.70281426577544
        -97.95697656854405
         97.95697656854405
        -98.19638691095552
         98.19638691095552
         -98.4210092386929
          98.4210092386929
        -98.63080972445985
         98.63080972445987
        -98.82575677307494
         98.82575677307494
         -99.0058210262297
         99.00582102622971
        -99.17097536690996
         99.17097536690996
        -99.32119492347945
         99.32119492347945
        -99.45645707342554
         99.45645707342554
        -99.57674144676598
         99.57674144676598
        -99.68202992911657
         99.68202992911657
        -99.77230666441916
         99.77230666441916
        -99.84755805732948
         99.84755805732948
        -99.90777277526453
         99.90777277526453
        -99.95294175010932
         99.95294175010932
        -99.98305817958234
         99.98305817958234
        -99.99811752826011
         99.99811752826011
        -8.715574274765823
        -8.071438242196182
        -9.359346122629965
        -7.426964940472958
        -10.00272688545449
         -6.78218129924092
        -10.64568967924683
        -6.137114261112639
        -11.28820763747948
        -5.491790780542422
        -11.93025391221273
        -4.846237822700279
        -12.57180167521625
        -4.200482362345027
        -13.21282411909042
        -3.554551382697085
        -13.85329445838623
        -2.908471874311146
        -14.49318593072466
        -2.262270833948098
        -15.13247179791505
        -1.615975263447235
        -15.77112534707211
       -0.9696121685978446
        -16.40911989173241
       -0.3232085580106172
         -17.0464287729692
        0.3232085580106294
        -17.68302536050674
        0.9696121685978569
        -18.31888305383267
          1.61597526344727
        -18.95397528330971
          2.26227083394811
        -19.58827551128602
         2.908471874311136
        -20.22175723320378
         3.554551382697097
        -20.85439397870697
         4.200482362345039
        -21.48615931274729
         4.846237822700314
        -22.11702683668876
         5.491790780542434
        -22.74697018941102
         6.137114261112629
        -23.37596304841048
          6.78218129924093
        -24.00397913090058
         7.426964940472948
        -24.63099219490972
         8.071438242196194
        -25.25697604037805
         8.715574274765835
        -25.88190451025208
         9.359346122629999
        -26.50575149157769
          10.0027268854545
        -27.12849091659145
         10.64568967924682
        -27.75009676380956
         11.28820763747949
        -28.37054305911549
         11.93025391221274
        -28.98980387684509
         12.57180167521629
        -29.60785334086998
         13.21282411909043
        -30.22466562567892
         13.85329445838622
        -30.84021495745669
         14.49318593072467
        -31.45447561516135
         15.13247179791504
        -32.06742193159877
         15.77112534707212
         -32.6790282944952
         16.40911989173242
        -33.28926914756767
         17.04642877296924
        -33.89811899159156
         17.68302536050675
        -34.50555238546645
         18.31888305383266
        -35.11154394727887
         18.95397528330972
        -35.71606835536312
         19.58827551128603
        -36.31910034935922
         20.22175723320381
        -36.92061473126843
         20.85439397870698
        -37.52058636650636
         21.48615931274728
        -38.11899018495288
         22.11702683668878
        -38.71580118200005
         22.74697018941102
        -39.31099441959668
         23.37596304841051
        -39.90454502729048
         24.00397913090059
        -40.49642820326736
         24.63099219490975
        -41.08661921538762
         25.25697604037806
         -41.6750934022196
         25.88190451025207
        -42.26182617406993
         26.50575149157772
        -42.84679301401125
         27.12849091659146
        -43.42996947890656
         27.75009676380957
        -44.01133120043045
         28.37054305911551
        -44.59085388608775
         28.98980387684508
        -45.16851332022806
         29.60785334086999
        -45.74428536505807
         30.22466562567893
        -46.31814596164997
         30.84021495745672
        -46.89007113094664
         31.45447561516136
        -47.46003697476404
         32.06742193159878
        -48.02801967678931
         32.67902829449522
        -48.59399550357627
         33.28926914756766
        -49.15794080553705
         33.89811899159159
        -49.71983201793027
         34.50555238546647
        -50.27964566184578
         35.11154394727888
        -50.83735834518552
         35.71606835536313
        -51.39294676364143
          36.3191003493592
        -51.94638770166864
         36.92061473126844
        -52.49765803345601
         37.52058636650637
        -53.04673472389227
         38.11899018495291
        -53.59359482952847
         38.71580118200006
        -54.13821549953697
         39.31099441959669
        -54.68057397666585
          39.9045450272905
        -55.22064759819034
         40.49642820326736
        -55.75841379685927
         41.08661921538765
        -56.29385010183846
         41.67509340221961
        -56.82693413964952
         42.26182617406995
        -57.35764363510458
         42.84679301401128
        -57.88595641223752
         43.42996947890656
        -58.41185039523001
         44.01133120043048
        -58.93530360933448
         44.59085388608776
        -59.45629418179205
         45.16851332022807
        -59.97480034274648
         45.74428536505808
        -60.49080042615418
         46.31814596164994
        -61.00427287068897
         46.89007113094667
        -61.51519622064365
         47.46003697476404
          -62.023549126826
         48.02801967678932
        -62.52931034745121
         48.59399550357628
         -63.0324587490294
         49.15794080553706
        -63.53297330724848
         49.71983201793028
        -64.03083310785316
         50.27964566184578
        -64.52601734751823
         50.83735834518556
        -65.01850533471834
         51.39294676364145
        -65.50827649059239
         51.94638770166865
        -65.99531034980338
         52.49765803345602
        -66.47958656139379
         53.04673472389225
        -66.96108488963563
         53.59359482952849
        -67.43978521487638
         54.13821549953697
        -67.91566753437931
          54.6805739766659
        -68.38871196315961
         55.22064759819035
        -68.85889873481517
         55.75841379685929
         -69.3262082023524
         56.29385010183848
        -69.79062083900759
          56.8269341396495
        -70.25211723906231
         57.35764363510462
        -70.71067811865474
         57.88595641223752
        -71.16628431658521
         58.41185039523003
         -71.6189167951169
         58.93530360933449
        -72.06855664077146
         59.45629418179203
        -72.51518506511908
         59.97480034274651
        -72.95878340556391
         60.49080042615416
        -73.39933312612352
           61.004272870689
        -73.83681581820372
         61.51519622064367
        -74.27121320136766
           62.023549126826
        -74.70250712409958
         62.52931034745123
        -75.13067956456359
         63.03245874902937
        -75.55571263135631
          63.5329733072485
        -75.97758856425493
         64.03083310785316
        -76.39628973495883
         64.52601734751823
        -76.81179864782659
         65.01850533471834
        -77.22409794060692
         65.50827649059238
        -77.63317038516401
         65.99531034980339
        -78.03899888819775
         66.47958656139377
        -78.44156649195757
         66.96108488963566
        -78.84085637495136
         67.43978521487639
        -79.23685185264821
         67.91566753437932
        -79.62953637817556
         68.38871196315962
        -80.01889354301079
         68.85889873481514
        -80.40490707766659
         69.32620820235242
        -80.78756085237112
         69.79062083900759
         -81.1668388777416
         70.25211723906233
        -81.54272530545282
         70.71067811865476
        -81.91520442889919
         71.16628431658522
        -82.28426068385092
         71.61891679511693
        -82.64987864910475
         72.06855664077146
        -83.01204304712788
          72.5151850651191
        -83.37073874469671
         72.95878340556392
        -83.72595075352905
         73.39933312612354
         -84.0776642309103
         73.83681581820373
        -84.42586448031396
         74.27121320136764
        -84.77053695201535
         74.70250712409961
        -85.11166724369997
         75.13067956456358
        -85.44924110106496
         75.55571263135636
        -85.78324441841492
         75.97758856425494
        -86.11366323925138
         76.39628973495883
        -86.44048375685568
         76.81179864782661
        -86.76369231486632
         77.22409794060692
         -87.0832754078492
         77.63317038516404
        -87.39921968186219
         78.03899888819775
        -87.71151193501305
         78.44156649195757
         -88.0201391180111
         78.84085637495136
        -88.32508833471249
         79.23685185264819
        -88.62634684265896
         79.62953637817557
         -88.9239020536106
         80.01889354301078
        -89.21774153407146
         80.40490707766662
        -89.50785300580934
         80.78756085237112
        -89.79422434636882
         81.16683887774161
        -90.07684358957768
         81.54272530545283
        -90.35569892604714
         81.91520442889917
        -90.63077870366499
         82.28426068385095
        -90.90207142808282
         82.64987864910475
        -91.16956576319609
         83.01204304712788
        -91.43325053161793
         83.37073874469671
        -91.69311471514612
         83.72595075352903
        -91.94914745522351
         84.07766423091032
        -92.20133805339184
         84.42586448031395
        -92.44967597173861
         84.77053695201538
        -92.69415083333757
         85.11166724369997
        -92.93475242268225
         85.44924110106496
        -93.17147068611278
         85.78324441841494
        -93.40429573223615
         86.11366323925137
        -93.63321783233931
          86.4404837568557
        -93.85822742079583
         86.76369231486632
        -94.07931509546557
         87.08327540784921
        -94.29647161808758
         87.39921968186221
         -94.5096879146661
         87.71151193501306
        -94.71895507584961
         88.02013911801112
        -94.92426435730339
         88.32508833471249
        -95.12560718007461
         88.62634684265899
        -95.32297513095099
         88.92390205361062
         -95.5163599628123
         89.21774153407146
        -95.70575359497494
         89.50785300580935
        -95.89114811352961
         89.79422434636881
        -96.07253577167205
         90.07684358957771
        -96.24990899002665
         90.35569892604714
        -96.42326035696327
         90.63077870366499
        -96.59258262890683
         90.90207142808283
        -96.75786873064004
          91.1695657631961
        -96.91911175559905
         91.43325053161794
          -97.076304966162
         91.69311471514612
        -97.22944179393063
         91.94914745522352
         -97.3785158400047
         92.20133805339185
         -97.5235208752493
         92.44967597173861
        -97.66445084055529
         92.69415083333757
        -97.80129984709237
         92.93475242268224
        -97.93406217655514
          93.1714706861128
        -98.06273228140215
         93.40429573223615
        -98.18730478508758
         93.63321783233931
        -98.30777448228599
         93.85822742079583
        -98.42413633910981
         94.07931509546559
        -98.53638549331961
         94.29647161808759
        -98.64451725452739
         94.50968791466609
        -98.74852710439249
         94.71895507584962
        -98.84841069681042
         94.92426435730339
        -98.94416385809444
         95.12560718007461
        -99.03578258715001
         95.32297513095101
         -99.1232630556419
          95.5163599628123
        -99.20660160815423
         95.70575359497494
        -99.28579476234319
         95.89114811352961
        -99.36083920908251
         96.07253577167205
        -99.43173181260184
         96.24990899002667
        -99.49846961061766
         96.42326035696328
        -99.56104981445712
         96.59258262890683
        -99.61946980917456
         96.75786873064004
        -99.67372715366078
         96.91911175559905
        -99.72381958074503
           97.076304966162
        -99.76974499728976
         97.22944179393063
        -99.81150148427808
          97.3785158400047
        -99.84908729689396
         97.52352087524932
        -99.88250086459503
          97.6644508405553
        -99.91174079117843
         97.80129984709237
        -99.93680585483892
         97.93406217655514
        -99.95769500822006
         98.06273228140215
        -99.97440737845795
         98.18730478508758
         -99.9869422672177
         98.30777448228601
        -99.99529915072262
         98.42413633910981
        -99.99947767977605
         98.53638549331961
        -99.99947767977605
         98.64451725452739
        -99.99529915072262
         98.74852710439249
         -99.9869422672177
         98.84841069681043
        -99.97440737845795
         98.94416385809444
        -99.95769500822006
         99.03578258715001
        -99.93680585483892
          99.1232630556419
        -99.91174079117843
         99.20660160815423
        -99.88250086459503
         99.28579476234319
        -99.84908729689396
         99.36083920908251
         -99.8115014842781
         99.43173181260184
        -99.76974499728976
         99.49846961061766
        -99.72381958074503
         99.56104981445712
        -99.67372715366078
         99.61946980917456
