        -78.26214598276742
        0.1333777925975325
        -40.59565922343145
        0.1333777925975325
         83.12234556943613
        0.1333777925975249
         25.20687262859639
        0.1333777925975325
        -25.84696249168716
         0.133377792597533
         16.62920877488207
        0.1333777925975287
          15.1278384597334
        0.1333777925975325
        -15.69599248664618
        0.1333777925975382
         4.586157755451352
        0.1333777925975325
         12.22971240369772
        0.1333777925975344
        -10.03900190204577
        0.1333777925975325
       -0.2168616972587311
        0.1333777925975401
         10.72608182126865
        0.1333777925975363
        -5.996156315479169
        0.1333777925975287
        -3.224476312121184
        0.1333777925975318
         8.472859232135017
        0.1333777925975323
        -3.237608624428808
        0.1333777925975339
        -4.596498299619306
         0.133377792597532
         6.823842304282944
        0.1333777925975359
       -0.8005874966915112
        0.1333777925975297
          -5.2283934981541
        0.1333777925975306
         4.974403864409864
        0.1333777925975353
         1.238341222671272
        0.1333777925975325
        -4.735073276757264
        0.1333777925975306
          3.54440341079612
        0.1333777925975344
          2.49211635466047
        0.1333777925975335
        -4.638242054920216
        0.1333777925975287
         1.421315908209328
        0.1333777925975301
         3.033265835427225
        0.1333777925975302
        -3.863847759054699
        0.1333777925975315
       -0.0313303328107648
        0.1333777925975342
         3.254222420112574
        0.1333777925975337
        -3.108542620043774
        0.1333777925975351
        -1.314451425732765
        0.1333777925975325
         3.474077797673285
        0.1333777925975297
        -1.622979878322076
        0.1333777925975315
        -1.960849686730123
         0.133377792597532
         3.068624198660185
         0.133377792597532
       -0.8662832757515733
        0.1333777925975304
        -2.793227304170751
        0.1333777925975311
         2.556867404587054
        0.1333777925975353
        0.3772908871855399
        0.1333777925975327
         -2.85327279390247
        0.1333777925975323
         1.884653245552075
        0.1333777925975344
         1.202817501880653
        0.1333777925975311
        -2.665514680576807
        0.1333777925975358
         1.507240787262429
        0.1333777925975373
          2.26936234830303
        0.1333777925975315
         -2.26411597783164
        0.1333777925975306
        0.4344980642829049
        0.1333777925975335
         2.181476211877861
        0.1333777925975339
        -2.178620590736897
        0.1333777925975335
       -0.4238354294120647
        0.1333777925975325
         2.324218617254437
        0.1333777925975335
         -1.71524914406636
        0.1333777925975339
        -1.327382598603862
        0.1333777925975323
         2.005016258982677
        0.1333777925975324
        -1.034471828732608
         0.133377792597531
        -1.510142720105815
        0.1333777925975309
         1.984652511690033
        0.1333777925975339
       -0.4144152484947751
        0.1333777925975287
        -2.135070776473776
        0.1333777925975306
         1.155799191977686
        0.1333777925975352
       0.04154135986785169
        0.1333777925975313
        -2.085269326044426
        0.1333777925975331
        0.8188946608163165
        0.1333777925975315
        0.6123481825920083
        0.1333777925975325
        -2.034871283335741
        0.1333777925975323
         0.283636054388466
        0.1333777925975353
         1.301723208161569
         0.133377792597533
        -1.304546462336666
         0.133377792597533
      0.002559311217791639
        0.1333777925975329
         1.429195293218217
        0.1333777925975299
        -1.308665402201467
        0.1333777925975332
        -0.906749377237253
        0.1333777925975329
         1.345937505582577
        0.1333777925975327
       -0.7712785910910734
        0.1333777925975311
        -1.286982576752897
        0.1333777925975321
         1.128993781311533
        0.1333777925975344
       -0.4418203267156995
         0.133377792597537
        -1.560367101163808
         0.133377792597533
          1.22125447562886
        0.1333777925975301
        0.4714871673679993
        0.1333777925975318
        -1.495688898875205
          0.13337779259753
        0.7628081347867102
        0.1333777925975342
         0.592512391462939
        0.1333777925975286
        -1.668387445772643
        0.1333777925975318
        0.5031765002426289
         0.133377792597532
         1.219020651268423
        0.1333777925975346
        -1.332295119569175
        0.1333777925975325
        0.1252049571243311
        0.1333777925975349
         1.455758183854597
        0.1333777925975318
       -0.8570313723598387
         0.133377792597532
        0.1774907195611138
        0.1333777925975345
         1.931456758624782
        0.1333777925975335
       -0.4826483668162715
        0.1333777925975309
       -0.5057668971260557
        0.1333777925975335
         1.393209802067779
        0.1333777925975318
       -0.4285448846285008
        0.1333777925975332
        -0.834801651859572
        0.1333777925975323
         1.210333511925838
        0.1333777925975337
       -0.1989296853962206
         0.133377792597533
         -1.27966658023617
        0.1333777925975352
         0.733022609768475
        0.1333777925975368
        0.2382045455303843
        0.1333777925975329
        -1.033295937483208
         0.133377792597532
        0.5856453483910984
        0.1333777925975327
        0.4065176590755943
        0.1333777925975335
        -1.372765569537359
        0.1333777925975309
         -0.18350663258095
        0.1333777925975323
        0.5135716251177314
        0.1333777925975338
        -1.060892472346556
        0.1333777925975318
       -0.4029804770575759
        0.1333777925975302
        0.6380840303144547
        0.1333777925975344
       -0.8993876228165453
        0.1333777925975332
       -0.6915999634287425
        0.1333777925975318
        0.9792613024608293
         0.133377792597532
       -0.1864593253645351
        0.1333777925975327
       -0.7933164839924557
        0.1333777925975315
        0.6862480716201541
        0.1333777925975335
       -0.3303257156906034
         0.133377792597532
        -1.385481526010539
        0.1333777925975304
        0.4013192457082239
        0.1333777925975333
       0.03596703388157976
        0.1333777925975311
        -1.497132527271713
        0.1333777925975324
      0.002588150827512422
        0.1333777925975306
        0.1331493931273561
        0.1333777925975347
        -1.440264861671673
        0.1333777925975309
       0.07518144507823511
        0.1333777925975351
        0.7306203797797882
        0.1333777925975315
        -1.217858527825712
        0.1333777925975352
       -0.4128193803762498
        0.1333777925975326
        0.5385466632654236
        0.1333777925975305
        -1.167976087127675
        0.1333777925975295
       -0.5037958837833574
        0.1333777925975344
        0.8692677129795705
        0.1333777925975325
       -0.7616716136695679
        0.1333777925975329
       -0.7147207744898876
        0.1333777925975353
        0.8640548879921992
        0.1333777925975323
       -0.2104599685503866
        0.1333777925975349
       -0.4154284789517821
        0.1333777925975324
         1.072921313396056
        0.1333777925975318
       0.03478550912114158
        0.1333777925975349
       -0.8947029639731392
        0.1333777925975302
         0.402766520562887
        0.1333777925975305
        0.0454274613903692
        0.1333777925975317
       -0.9123981050600977
        0.1333777925975319
        0.1584500234672171
        0.1333777925975314
        0.1136132236141465
        0.1333777925975336
        -1.091360070590248
        0.1333777925975315
       -0.2348190015307506
         0.133377792597531
         0.452552591339068
        0.1333777925975325
       -0.6021034248383542
        0.1333777925975332
       -0.3182313415970331
        0.1333777925975324
        0.3881425144907973
        0.1333777925975326
       -0.7831869077735519
        0.1333777925975326
       -0.8636066385612984
        0.1333777925975301
        0.4059997368897624
        0.1333777925975349
       -0.3166479382876038
        0.1333777925975323
       -0.8628016816953051
         0.133377792597538
        0.3784066140962105
        0.1333777925975344
      -0.08643141251303986
        0.1333777925975333
        -0.835487181334991
        0.1333777925975327
        0.6685548581580452
        0.1333777925975313
        0.5957163035670683
        0.1333777925975305
         -0.73895747138458
        0.1333777925975321
        0.2590929620296028
        0.1333777925975305
        0.3676451552426502
        0.1333777925975323
        -1.023675546749724
        0.1333777925975336
       0.03936560862434019
        0.1333777925975349
        0.6347145399508858
        0.1333777925975312
       -0.9230637846511877
        0.1333777925975323
       -0.3055753532314967
        0.1333777925975325
        0.6214623362610677
        0.1333777925975333
       -0.6140386985769981
        0.1333777925975333
      -0.08240883639371666
        0.1333777925975329
         1.030440510023607
        0.1333777925975326
       -0.3330500055740325
        0.1333777925975364
       -0.4709664468656072
        0.1333777925975338
        0.6890754083878369
        0.1333777925975301
       -0.1641306108639713
         0.133377792597532
       -0.3452035714673666
        0.1333777925975343
         0.867666382901969
        0.1333777925975323
        0.1999755056961703
        0.1333777925975315
       -0.3939880985861147
        0.1333777925975305
        0.7689538821562456
        0.1333777925975326
        0.7181948769910483
         0.133377792597531
       0.06637550669898847
        0.1333777925975355
        0.8202773164044823
        0.1333777925975332
        0.7377177542067489
        0.1333777925975348
       -0.3306307619895724
        0.1333777925975325
        0.1138739349273561
        0.1333777925975312
        0.6200036395456875
        0.1333777925975288
       -0.2271416718260347
        0.1333777925975323
       -0.1577461627593074
        0.1333777925975318
        0.4551451002541392
         0.133377792597535
       -0.3517824173102088
        0.1333777925975332
        -0.468796007174012
        0.1333777925975295
        0.6316810027902271
        0.1333777925975329
        0.1257262140101383
        0.1333777925975339
       -0.5526614838050131
        0.1333777925975294
         0.292544571911813
        0.1333777925975308
       -0.1362505385609338
        0.1333777925975318
       -0.9715646495668161
        0.1333777925975337
        0.1826682921321883
        0.1333777925975323
        0.2300853057198694
        0.1333777925975281
       -0.9065422182854508
        0.1333777925975315
      -0.02377872711345963
        0.1333777925975318
        0.3100522922570591
        0.1333777925975348
       -0.7480758119459175
        0.1333777925975313
        0.1787994813986281
        0.1333777925975313
        0.7524479510705798
        0.1333777925975297
       -0.6712196337513398
        0.1333777925975318
       -0.3707046830802732
        0.1333777925975351
        0.2937840062374197
        0.1333777925975304
       -0.8701469613712159
         0.133377792597534
       -0.5673273355263903
        0.1333777925975334
        0.3374219973235925
        0.1333777925975353
       -0.7891916152854003
        0.1333777925975324
       -0.8991265065578574
        0.1333777925975361
        0.1518377300518039
        0.1333777925975331
        -0.445060959798915
        0.1333777925975387
       -0.5923423617088984
        0.1333777925975347
          0.33742025663423
        0.1333777925975324
       -0.2972032380217977
        0.1333777925975334
       -0.9374060767612604
        0.1333777925975327
       -0.1231470968900264
        0.1333777925975324
        -0.158942149146175
        0.1333777925975336
       -0.6736994057349053
         0.133377792597532
      -0.04909939930993903
         0.133377792597531
       0.05754270429715556
        0.1333777925975317
       -0.6263060602966947
        0.1333777925975311
       -0.1493979246354719
        0.1333777925975333
        0.4877929445346821
        0.1333777925975339
      -0.08577752041500949
         0.133377792597531
       -0.1565204023745574
        0.1333777925975324
        0.2898130882551666
        0.1333777925975338
       -0.4473897097945909
        0.1333777925975364
       -0.7673519490011721
        0.1333777925975337
        0.1058785228006196
        0.1333777925975331
       -0.2720510756599586
        0.1333777925975326
       -0.9454353411567915
        0.1333777925975353
       -0.1750753933052864
        0.1333777925975313
       -0.3516931243163576
        0.1333777925975326
        -1.045297567681791
        0.1333777925975339
     -0.008875938197590695
         0.133377792597534
        0.1129416936577512
        0.1333777925975307
        -1.018414051602573
        0.1333777925975344
       -0.4235753764154708
        0.1333777925975305
       -0.1739240811161213
        0.1333777925975314
        -1.197118634730064
        0.1333777925975314
       -0.4476882411420712
        0.1333777925975348
        0.1616267144067383
        0.1333777925975309
       -0.9790450427412066
        0.1333777925975301
       -0.6005833817192644
        0.1333777925975345
        0.2117190178140972
        0.1333777925975295
       -0.6090913390175864
        0.1333777925975355
       -0.2698086702302135
        0.1333777925975302
         0.545879900659453
        0.1333777925975338
       -0.4878161442406551
        0.1333777925975358
       -0.7400193962384911
        0.1333777925975337
       0.03727261253061138
        0.1333777925975326
       -0.5392573710901025
        0.1333777925975332
       -0.7336437005725308
        0.1333777925975299
       0.03482191969757919
        0.1333777925975314
       -0.4299183895061499
        0.1333777925975334
       -0.8936998705856301
        0.1333777925975336
       -0.1231271132243196
        0.1333777925975358
     -0.008738876375272427
        0.1333777925975355
       -0.4032755452521036
        0.1333777925975342
       0.01822628334177172
        0.1333777925975318
       0.04785540409323118
        0.1333777925975325
       -0.6261262698853444
        0.1333777925975326
       -0.3755579669102825
        0.1333777925975346
        0.1974951067846755
        0.1333777925975302
       -0.2071895365360424
        0.1333777925975317
        -0.262533601567239
        0.1333777925975322
        0.3086352600611352
        0.1333777925975305
      -0.07067033902732744
        0.1333777925975297
        -0.242039664750881
        0.1333777925975294
        0.6862191128121514
        0.1333777925975339
         0.487696571458324
        0.1333777925975373
        -0.238220551538672
        0.1333777925975319
        0.3139366988601333
        0.1333777925975322
       0.09570928625082552
        0.1333777925975333
       -0.7118633807069832
        0.1333777925975358
       0.09711270275547447
        0.1333777925975292
        0.2367435462708635
        0.1333777925975302
       -0.8150487466744584
        0.1333777925975286
       -0.2685757563787452
         0.133377792597533
        0.1014441091069765
        0.1333777925975317
       -0.7602149790020376
        0.1333777925975308
       -0.1058272607226912
        0.1333777925975353
        0.4283554526488018
         0.133377792597534
       -0.7273429657013005
         0.133377792597533
       -0.5894744193073151
        0.1333777925975347
       0.02045900055032797
        0.1333777925975306
       -0.7935603327353276
        0.1333777925975327
       -0.5515531358671343
        0.1333777925975325
        0.2186657380061345
        0.1333777925975349
       -0.5832287370983685
        0.1333777925975337
       -0.6839577220598055
        0.1333777925975329
        0.1641431780918267
        0.1333777925975327
       -0.1743128439325239
         0.133377792597532
       -0.2956035939875252
        0.1333777925975318
        0.3148241141271824
        0.1333777925975314
       -0.1835777216140535
        0.1333777925975321
       -0.7559598196730809
        0.1333777925975309
       -0.2764791583150673
        0.1333777925975329
       -0.2486207602283717
         0.133377792597533
        -0.648930026519465
        0.1333777925975304
       -0.3583506265997093
        0.1333777925975334
       -0.2549739564756262
        0.1333777925975302
       -0.7368685187401623
        0.1333777925975335
       -0.4917383745273775
        0.1333777925975338
        0.1228819764240337
        0.1333777925975342
       -0.1887579088114913
        0.1333777925975331
       -0.3999701426420944
        0.1333777925975312
      0.008501336539530096
        0.1333777925975311
       -0.3909927710640799
        0.1333777925975339
       -0.7034968986197404
        0.1333777925975301
        0.1256682074664051
        0.1333777925975331
       0.07027568731273015
        0.1333777925975326
       -0.5377546547150586
        0.1333777925975326
        0.1307649784954626
        0.1333777925975336
        0.2162308676863526
        0.1333777925975317
       -0.3696484419656935
        0.1333777925975327
         0.483136310147927
        0.1333777925975351
        0.7150832056935652
        0.1333777925975329
       -0.3371764229403512
        0.1333777925975355
       0.01126009463963896
        0.1333777925975327
        0.2696561050383994
        0.1333777925975325
       -0.6423837445974188
        0.1333777925975331
       -0.1447019908951374
        0.1333777925975341
        0.3651907248110131
        0.1333777925975327
       -0.6519116106875859
        0.1333777925975318
       -0.4726214932508157
        0.1333777925975332
         0.214289405619118
        0.1333777925975308
       -0.4206994091002147
        0.1333777925975333
       -0.1956504295161682
        0.1333777925975336
        0.4560796133004111
        0.1333777925975335
       -0.3647920106663036
         0.133377792597534
       -0.6109499337221853
        0.1333777925975316
       0.03338829474125591
        0.1333777925975329
        -0.293230052721062
        0.1333777925975324
       -0.3957900118052332
        0.1333777925975325
        0.2039097235887326
        0.1333777925975328
      -0.06836656011230294
        0.1333777925975319
       -0.3941530007627866
        0.1333777925975327
        0.1862300776511651
        0.1333777925975337
        0.4041336023124954
        0.1333777925975326
        0.1251480580253869
        0.1333777925975344
        0.2848752279840293
        0.1333777925975318
        0.2970372432347025
        0.1333777925975322
       -0.2546120274747463
        0.1333777925975326
       -0.2385634768405507
        0.1333777925975342
        0.2567427632872388
        0.1333777925975342
      -0.02258694067245113
        0.1333777925975298
       -0.2796608528022104
        0.1333777925975327
        0.1773072234780446
         0.133377792597533
      -0.02631779617725937
        0.1333777925975335
       -0.2788066711820529
        0.1333777925975314
        0.5474934872727937
        0.1333777925975314
        0.5426757722477548
        0.1333777925975297
       -0.1708769527263673
         0.133377792597531
        0.3050126067489525
        0.1333777925975344
        0.3242177357617937
        0.1333777925975341
       -0.3389130451820968
        0.1333777925975314
        0.4195256834066429
        0.1333777925975316
        0.7491796394728428
         0.133377792597533
       -0.1298927409555715
        0.1333777925975294
        0.3436393555180095
         0.133377792597531
        0.8274036448285452
        0.1333777925975341
        0.1412911308970743
        0.1333777925975326
        0.6665609185800002
        0.1333777925975327
         1.157462373872907
        0.1333777925975318
        0.1105028920265578
        0.1333777925975305
        0.0870170376997364
        0.1333777925975348
        0.5686473190529011
        0.1333777925975334
        -0.143575058440276
        0.1333777925975327
      -0.05203108314449221
         0.133377792597532
        0.5058465405197208
         0.133377792597532
       -0.2149867947016358
         0.133377792597532
       -0.4006201787149973
         0.133377792597531
        0.2444153636581623
        0.1333777925975313
       0.01581706628440013
         0.133377792597532
       -0.1130668500924446
        0.1333777925975355
         0.290170492069754
        0.1333777925975326
      -0.09550248039907266
        0.1333777925975304
       -0.5686892538720867
        0.1333777925975322
       -0.2300728201269313
        0.1333777925975346
      -0.07582443698069737
        0.1333777925975323
       -0.3250238143984574
         0.133377792597531
       -0.1835986109591827
        0.1333777925975347
       -0.0214879887278185
        0.1333777925975338
       -0.3401213545562298
        0.1333777925975309
       -0.2406528779209766
        0.1333777925975325
        0.3404443651198991
        0.1333777925975313
         0.128201422869977
        0.1333777925975325
       -0.2793533030315432
        0.1333777925975336
     -0.007526189370531033
        0.1333777925975317
       -0.3301533882646922
        0.1333777925975317
       -0.7943457124618388
         0.133377792597534
       -0.1388178746965499
         0.133377792597531
       -0.1453435132095963
        0.1333777925975317
       -0.8635440371422056
        0.1333777925975313
       -0.3688034600783859
        0.1333777925975299
       -0.2034016603817502
        0.1333777925975347
        -0.781331722730347
        0.1333777925975319
      -0.05929666841433211
        0.1333777925975321
         0.250643135136371
        0.1333777925975345
       -0.7129619343467897
        0.1333777925975297
       -0.4340518940621613
        0.1333777925975311
      -0.06191344910401877
        0.1333777925975333
       -0.7783576998334958
        0.1333777925975318
       -0.3029523063854297
        0.1333777925975327
        0.2657704849295097
        0.1333777925975331
       -0.5582950078967275
        0.1333777925975312
       -0.4012237521632245
        0.1333777925975333
        0.2755029399474123
        0.1333777925975319
        -0.197806832902309
        0.1333777925975302
      -0.04038138271405989
        0.1333777925975332
         0.459701889030118
        0.1333777925975351
       -0.2912179825641041
        0.1333777925975331
       -0.6209054132464696
        0.1333777925975327
       -0.1808734116547537
        0.1333777925975313
       -0.4653120414366977
        0.1333777925975306
       -0.6374137143698267
        0.1333777925975327
       -0.2907922615139337
         0.133377792597535
       -0.5516470711088216
        0.1333777925975334
       -0.8785307294127501
         0.133377792597533
        -0.501914387944734
        0.1333777925975325
       -0.2526731702776164
         0.133377792597532
       -0.4695653151515065
        0.1333777925975301
       -0.4833974386287836
        0.1333777925975338
       -0.4350540421764904
        0.1333777925975332
       -0.8327115375030688
        0.1333777925975341
       -0.8940971803181125
        0.1333777925975313
       -0.3482889637764239
        0.1333777925975314
       -0.4519678169991179
        0.1333777925975354
       -0.7758457158820357
        0.1333777925975325
       -0.3241295137649063
        0.1333777925975338
       -0.3651202029271014
         0.133377792597531
       -0.6677973815772947
         0.133377792597532
       0.07479064300278615
        0.1333777925975318
        0.1407251982857506
        0.1333777925975319
       -0.6648202618975722
        0.1333777925975344
        -0.345230449234237
        0.1333777925975313
       -0.2902195596908275
        0.1333777925975349
       -0.9960109565306038
        0.1333777925975302
       -0.4018757940537803
        0.1333777925975306
      -0.07664109424329248
        0.1333777925975319
       -0.9589428474420678
        0.1333777925975323
       -0.6136858800505205
        0.1333777925975309
       -0.1037112162619889
        0.1333777925975327
       -0.6871043698668549
        0.1333777925975307
       -0.2233680857545125
        0.1333777925975345
        0.2895875808734753
         0.133377792597535
       -0.5925443808335678
        0.1333777925975294
       -0.5924677909924504
        0.1333777925975308
      -0.04612706919754835
        0.1333777925975323
       -0.5150465667930992
        0.1333777925975317
       -0.3475374079324864
        0.1333777925975319
        0.2240213201996712
        0.1333777925975336
        -0.285781331710416
         0.133377792597529
        -0.391332319065231
        0.1333777925975311
        0.2119232081797786
        0.1333777925975313
        0.1322546119508981
        0.1333777925975301
       0.02892978330753787
        0.1333777925975319
        0.2660776021149467
        0.1333777925975348
      -0.08021318153556597
        0.1333777925975326
       -0.5463432612228842
        0.1333777925975336
       -0.3985674618309804
        0.1333777925975304
        -0.245940918404472
        0.1333777925975332
       -0.4888111829476463
        0.1333777925975306
       -0.5611952994940769
        0.1333777925975306
         -0.43278282295723
        0.1333777925975334
       -0.6887448925291483
        0.1333777925975332
       -0.7288817926889997
        0.1333777925975308
       -0.1636879869293711
        0.1333777925975295
       -0.2760243024502724
        0.1333777925975326
       -0.7768987229870389
        0.1333777925975316
        -0.508230197024352
         0.133377792597534
       -0.6614450781614203
          0.13337779259753
        -1.114445707888735
        0.1333777925975326
       -0.4447094829127193
        0.1333777925975326
       -0.2937878780834364
        0.1333777925975354
       -0.9927242494789984
        0.1333777925975313
       -0.5274229842568651
        0.1333777925975302
       -0.2418754971421283
        0.1333777925975319
        -0.792345946937305
        0.1333777925975338
       -0.1683549773982783
        0.1333777925975354
         0.146481474358862
        0.1333777925975304
       -0.8408955187693382
        0.1333777925975326
       -0.7083483872089986
        0.1333777925975335
       -0.3712543977003753
        0.1333777925975322
        -1.073371309785769
        0.1333777925975318
       -0.7336224407898045
        0.1333777925975343
       -0.2433591886972708
        0.1333777925975371
        -1.026731367266892
        0.1333777925975319
       -0.9453728506469201
        0.1333777925975304
       -0.3078405239962757
        0.1333777925975309
       -0.6541301226215486
        0.1333777925975333
       -0.4967605060496812
        0.1333777925975352
      -0.03349816286248437
        0.1333777925975361
       -0.6153356514938934
        0.1333777925975339
       -0.8507237425896121
        0.1333777925975358
       -0.3909608248411192
        0.1333777925975327
       -0.4539179510511953
        0.1333777925975354
        -0.488757059467763
        0.1333777925975395
       -0.1641948969733224
        0.1333777925975333
       -0.2576526555517195
        0.1333777925975426
        -0.451184493232095
        0.1333777925975248
       -0.1360489016281022
        0.1333777925975261
        0.1983644830892065
        0.1333777925975298
       0.04166411140064148
        0.1333777925975275
       -0.1401276346732315
         0.133377792597534
       -0.1194748994552773
        0.1333777925975274
       -0.4832688964637694
        0.1333777925975323
       -0.7119017665081798
        0.1333777925975317
       -0.2333450979692334
         0.133377792597531
        -0.320308241983485
        0.1333777925975298
       -0.8128342622227465
        0.1333777925975333
        -0.446333293417127
        0.1333777925975298
       -0.4238757886133906
        0.1333777925975351
       -0.8031213231373495
        0.1333777925975309
        -0.117210739633191
        0.1333777925975311
       0.02951572030727566
        0.1333777925975361
       -0.7974967568450455
        0.1333777925975329
       -0.5023521893014933
        0.1333777925975324
       -0.3097070540149249
        0.1333777925975324
       -0.9323800586100064
        0.1333777925975338
       -0.3348163496609867
        0.1333777925975344
       0.09481967384447444
        0.1333777925975294
       -0.7055231220489576
        0.1333777925975306
       -0.3834230228913968
        0.1333777925975323
        0.1836241684660278
        0.1333777925975346
       -0.3240681472874335
        0.1333777925975318
        0.0582672612288918
        0.1333777925975315
        0.5049424963068907
        0.1333777925975335
       -0.3648062701832126
        0.1333777925975289
       -0.4720772587271498
        0.1333777925975326
      -0.02220366724735217
        0.1333777925975325
       -0.4531829069866807
        0.1333777925975366
       -0.3696927453783649
         0.133377792597531
        0.0718411043560431
        0.1333777925975324
       -0.3847546800591772
        0.1333777925975335
       -0.4986276048254522
        0.1333777925975324
       0.03218150697379827
         0.133377792597534
       0.07527163914013223
        0.1333777925975291
       0.03727893933893026
         0.133377792597532
        0.2173039321982539
        0.1333777925975315
       0.02166890520531568
        0.1333777925975337
       -0.2865291018957741
        0.1333777925975332
       -0.1234649409036313
        0.1333777925975332
        0.2122078565387114
        0.1333777925975316
        0.1492704498895923
        0.1333777925975317
       0.05801045548253168
        0.1333777925975334
        0.3015665910689575
        0.1333777925975303
        0.2038730335774592
        0.1333777925975316
        0.1154954888599264
        0.1333777925975366
        0.7004677951091668
        0.1333777925975277
        0.6465517904814564
        0.1333777925975323
     0.0004406309725619904
        0.1333777925975296
        0.1803956077438953
        0.1333777925975337
       0.04655586047226801
        0.1333777925975349
       -0.5371645944574531
        0.1333777925975308
       0.01064596257576584
        0.1333777925975318
         0.144694224073086
        0.1333777925975337
        -0.677629832898208
        0.1333777925975287
       -0.3345184382782165
        0.1333777925975342
      -0.02867659710477917
        0.1333777925975366
       -0.6073462314633997
        0.1333777925975332
      -0.06667594777539125
        0.1333777925975319
        0.2681552023133763
        0.1333777925975307
       -0.6969840519348269
        0.1333777925975329
       -0.5980452368562604
        0.1333777925975314
       -0.1922136618664899
        0.1333777925975343
       -0.7804809433110601
        0.1333777925975329
       -0.4416896471452939
        0.1333777925975302
       0.06897094649350054
        0.1333777925975344
       -0.6204645741727753
        0.1333777925975331
        -0.556353536237809
        0.1333777925975319
       0.05149411673898566
        0.1333777925975314
       -0.2288050108808792
        0.1333777925975348
        -0.145622034522662
        0.1333777925975329
        0.1646359707255663
        0.1333777925975306
       -0.4285853303025965
        0.1333777925975312
       -0.7502369037073217
        0.1333777925975338
       -0.4560963370286374
        0.1333777925975325
       -0.5166599607212291
        0.1333777925975308
       -0.6112604458855248
        0.1333777925975338
       -0.4690252060088358
        0.1333777925975307
       -0.5504612962368718
        0.1333777925975317
       -0.7202571133820698
        0.1333777925975328
        -0.506696929872125
        0.1333777925975294
       -0.1002417877166697
        0.1333777925975315
       -0.1687192072184716
        0.1333777925975314
       -0.4202065007969476
         0.133377792597535
       -0.3025231589754864
        0.1333777925975347
       -0.4910935056648595
        0.1333777925975329
       -0.6998236962334774
        0.1333777925975322
       -0.0999730469925588
         0.133377792597534
      -0.01207939068282517
        0.1333777925975321
       -0.5107774282046562
        0.1333777925975326
       -0.0903673566919697
        0.1333777925975305
       0.07033410871128953
        0.1333777925975353
        -0.335672616579275
        0.1333777925975361
        0.3091151220012133
        0.1333777925975299
        0.4738011717301026
        0.1333777925975282
       -0.4682060354582322
        0.1333777925975323
       -0.3037975152142758
        0.1333777925975344
       -0.1345799023379363
        0.1333777925975305
       -0.8455803149547932
        0.1333777925975324
       -0.3939556967358429
        0.1333777925975341
      -0.03037772011260004
        0.1333777925975332
       -0.9035839527442812
        0.1333777925975324
       -0.6995674044542759
        0.1333777925975337
       -0.1562798655569687
        0.1333777925975319
       -0.6397212020735252
        0.1333777925975336
       -0.3200406289043579
        0.1333777925975316
        0.1004815041344939
        0.1333777925975328
       -0.6981273401714003
        0.1333777925975296
       -0.7962546580533506
         0.133377792597534
       -0.3161203753202687
        0.1333777925975322
       -0.5959165545118063
        0.1333777925975342
        -0.465344632696159
        0.1333777925975343
      -0.04211060658270691
        0.1333777925975327
       -0.3819194611133878
        0.1333777925975333
       -0.4555525895862679
        0.1333777925975322
       0.01717052230226844
        0.1333777925975332
        0.1321766599527982
        0.1333777925975345
        0.0750310275138166
        0.1333777925975337
        0.0847139933643693
        0.1333777925975321
       -0.1225788050521681
        0.1333777925975331
       -0.4520283552773348
        0.1333777925975327
       -0.4467728829128929
        0.1333777925975328
        -0.113404488684723
        0.1333777925975314
       -0.1739141958683665
        0.1333777925975321
       -0.4189039437686646
        0.1333777925975288
       -0.1650452869750092
        0.1333777925975332
       -0.1748863461691246
        0.1333777925975352
       -0.3141087058149167
        0.1333777925975344
        0.3379710122736878
        0.1333777925975315
        0.4204225927364673
        0.1333777925975315
       -0.2325594133621205
        0.1333777925975326
       0.04311384042599258
        0.1333777925975315
        0.1216394164193222
        0.1333777925975329
       -0.3709628815285009
        0.1333777925975316
        0.2917969478957969
        0.1333777925975316
         0.610286627255149
        0.1333777925975337
       -0.1498862941252303
        0.1333777925975314
        0.2434614138856782
         0.133377792597533
        0.6788646215936177
        0.1333777925975316
        0.1366616384846488
        0.1333777925975319
        0.6310258577776764
        0.1333777925975337
        0.9525204077398832
        0.1333777925975326
      -0.06922871057831741
        0.1333777925975312
      -0.09022748958606652
        0.1333777925975338
        0.2582149312553897
        0.1333777925975317
       -0.3626722387520989
        0.1333777925975321
       -0.1484120743337976
        0.1333777925975325
        0.2557934765391279
        0.1333777925975315
       -0.4560677765471784
        0.1333777925975321
       -0.4696774205568074
        0.1333777925975337
       0.07922871667538527
        0.1333777925975313
       -0.1381418704939537
        0.1333777925975322
      -0.07392033625217788
         0.133377792597532
        0.1726505805458997
        0.1333777925975331
       -0.3247016243931496
        0.1333777925975331
       -0.5849964763681845
        0.1333777925975315
        -0.291253509082425
        0.1333777925975329
       -0.1968402929932446
        0.1333777925975333
       -0.2027404107585193
        0.1333777925975327
       -0.1113116375682466
        0.1333777925975332
      -0.09185732617282989
        0.1333777925975301
       -0.1849159474144053
        0.1333777925975295
       -0.0545116834109927
        0.1333777925975337
        0.3873804929051089
        0.1333777925975344
        0.3193621944939332
         0.133377792597531
       -0.1197027894675866
        0.1333777925975341
      -0.05527245730563054
        0.1333777925975317
       -0.2464920665519687
        0.1333777925975317
       -0.6097230944125361
        0.1333777925975326
      -0.05636133682742821
        0.1333777925975323
       0.04012731618071522
        0.1333777925975328
       -0.5935773686892919
        0.1333777925975328
       -0.1992645152423042
        0.1333777925975344
       0.05142578583392581
        0.1333777925975339
       -0.3718268111855554
        0.1333777925975319
        0.3043578306852444
        0.1333777925975318
        0.5879528669843378
         0.133377792597532
       -0.3220930088480384
        0.1333777925975314
      -0.08798246713482408
        0.1333777925975329
        0.2659143763864358
        0.1333777925975317
       -0.3143312423418352
        0.1333777925975332
        0.2253965346515484
        0.1333777925975335
         0.721594934167186
        0.1333777925975316
      -0.05856469810971438
        0.1333777925975326
        0.1767924971548109
        0.1333777925975349
        0.7867581390883368
        0.1333777925975329
        0.3601868203111039
        0.1333777925975353
        0.6161403732711188
         0.133377792597531
        0.9475987043444443
        0.1333777925975295
        0.1062314465252072
        0.1333777925975317
       -0.1092417528536811
        0.1333777925975335
        0.2474991919352282
        0.1333777925975339
      -0.05433656952075415
        0.1333777925975348
      -0.03403462171391756
        0.1333777925975332
        0.2231385851264927
        0.1333777925975327
       -0.1309670919465686
        0.1333777925975351
       -0.2481645391794989
        0.1333777925975327
        0.1237041515312496
        0.1333777925975339
        0.3012421356284766
        0.1333777925975357
         0.260578800081671
         0.133377792597534
        0.1737164336574731
        0.1333777925975316
       0.05485319189464678
        0.1333777925975331
       -0.1705742147003114
        0.1333777925975325
        -0.182109199252746
        0.1333777925975333
        0.2847838479049223
        0.1333777925975329
        0.3417338157166711
        0.1333777925975326
       0.03507732955577581
        0.1333777925975313
        0.3584307565963233
        0.1333777925975309
        0.4470539637883824
        0.1333777925975325
         0.225639429890459
        0.1333777925975332
        0.8699907106938622
        0.1333777925975314
        0.9553779471200979
        0.1333777925975331
        0.1261745325266879
        0.1333777925975297
        0.3114255568808591
        0.1333777925975332
        0.3889532678119251
        0.1333777925975329
       -0.2268929807235234
        0.1333777925975317
        0.3580459130852446
        0.1333777925975305
        0.6741959199445315
        0.1333777925975307
       -0.1772327447952017
         0.133377792597533
        0.1746848447637218
        0.1333777925975363
        0.6865323727276051
        0.1333777925975287
        0.1790854853715995
        0.1333777925975327
        0.6938397989942559
        0.1333777925975317
         1.102334194934854
        0.1333777925975306
        0.1623652889316299
        0.1333777925975316
        0.2126624639054816
        0.1333777925975341
        0.7065766843411782
        0.1333777925975339
        0.2574124677321875
         0.133377792597533
        0.5584721207417925
        0.1333777925975339
         1.034588142929028
        0.1333777925975326
         0.439164529550631
        0.1333777925975332
        0.4604567478910288
        0.1333777925975319
         1.007796163182096
        0.1333777925975324
         0.850617635010412
        0.1333777925975357
        0.8489018555442442
        0.1333777925975342
        0.9288587167301781
        0.1333777925975305
        0.3792410391414553
         0.133377792597528
       0.01256907883620878
        0.1333777925975301
        0.1189663120262909
        0.1333777925975338
        0.1725595432197829
        0.1333777925975296
       0.06873208545217435
        0.1333777925975315
      -0.06092841865739589
        0.1333777925975324
      -0.07978116977014137
        0.1333777925975326
        -0.194005914317926
        0.1333777925975314
       -0.2009866099022014
        0.1333777925975306
        0.2679587160029848
        0.1333777925975314
        0.2281378160998058
        0.1333777925975323
        -0.335586912284471
        0.1333777925975322
       -0.2241948655326736
        0.1333777925975346
       -0.3018413346012634
          0.13337779259753
       -0.6958313017716504
        0.1333777925975368
      -0.06348380070557884
        0.1333777925975306
         0.136541631727996
        0.1333777925975211
       -0.5706730945401378
        0.1333777925975264
       -0.1668487650383796
        0.1333777925975305
        0.1556540031868647
        0.1333777925975349
       -0.3546464749602914
        0.1333777925975291
        0.2460633328503914
        0.1333777925975334
        0.4829931444709268
        0.1333777925975348
       -0.6017016039252988
        0.1333777925975339
       -0.5119737196485922
        0.1333777925975327
       -0.2078823447085059
        0.1333777925975332
       -0.8943162208540358
        0.1333777925975309
       -0.4744417143788554
        0.1333777925975309
      -0.03840028792134711
        0.1333777925975314
       -0.8835454943978839
        0.1333777925975341
       -0.7079604842123712
        0.1333777925975344
      -0.07463633104955049
        0.1333777925975349
       -0.4358464643859541
        0.1333777925975296
       -0.1689936248424391
        0.1333777925975317
        0.1869865432739373
        0.1333777925975344
       -0.5452221273149865
        0.1333777925975322
       -0.6801811262059118
        0.1333777925975321
       -0.2355167386491165
        0.1333777925975339
       -0.3475736823257332
        0.1333777925975317
       -0.2313484951869864
        0.1333777925975342
       0.03161720994635882
        0.1333777925975327
       -0.2022830544117072
         0.133377792597531
       -0.2665207552941137
        0.1333777925975338
       0.04454907360647386
        0.1333777925975333
        0.2703152523139967
        0.1333777925975303
        0.1775745167746231
        0.1333777925975287
       -0.1296494145751351
        0.1333777925975341
       -0.3160416433933851
        0.1333777925975332
       -0.6167116113271375
        0.1333777925975309
       -0.8407857398321372
        0.1333777925975342
       -0.4291620484374633
        0.1333777925975326
       -0.4359796982462253
        0.1333777925975312
       -0.9669430455098376
         0.133377792597531
       -0.6882217549351788
        0.1333777925975315
       -0.5734360921329885
        0.1333777925975345
       -0.9067728593055395
        0.1333777925975322
        -0.241516541780862
         0.133377792597531
      -0.09032201573543987
        0.1333777925975332
        -1.002634998963634
        0.1333777925975324
       -0.7683487195422299
         0.133377792597532
       -0.5383631129173383
        0.1333777925975337
        -1.124934451581431
        0.1333777925975315
       -0.4609118696382535
        0.1333777925975311
      -0.02391042420508201
        0.1333777925975332
       -0.8850059785786355
        0.1333777925975325
       -0.5170414742953788
        0.1333777925975298
       0.07536523281142982
        0.1333777925975332
       -0.4501406766235669
        0.1333777925975318
     -0.004579762348699237
        0.1333777925975318
        0.3467319478088299
        0.1333777925975282
       -0.6950001081882711
        0.1333777925975322
       -0.7608367689797095
        0.1333777925975352
       -0.3201269140283029
        0.1333777925975325
       -0.7923547607960533
        0.1333777925975335
          -0.5686280498002
        0.1333777925975304
       -0.1603842035040965
        0.1333777925975295
       -0.7344515263683886
        0.1333777925975298
        -0.706038819354782
        0.1333777925975321
       -0.1336140561326721
        0.1333777925975324
       -0.1439660805847407
        0.1333777925975339
      -0.06526765433811775
         0.133377792597531
       0.03395821086671602
        0.1333777925975309
       -0.3363239329570337
        0.1333777925975329
        -0.541242770960256
        0.1333777925975307
       -0.3453069111184393
        0.1333777925975332
      -0.05104176022255955
        0.1333777925975352
      0.009186198696504413
        0.1333777925975349
       -0.1226191258260493
        0.1333777925975311
      0.007509436234228938
        0.1333777925975316
       0.01028672947642326
        0.1333777925975315
      -0.06118408048509652
        0.1333777925975317
        0.4600616594438087
        0.1333777925975353
        0.4112537776620909
        0.1333777925975324
       -0.3755430403852307
        0.1333777925975322
       -0.3355562807163303
        0.1333777925975312
       -0.4419808319867551
        0.1333777925975291
        -1.028633646670927
        0.1333777925975318
       -0.4603207381256637
         0.133377792597531
       -0.2908818854760007
        0.1333777925975318
        -1.189171142469445
        0.1333777925975367
       -0.8334839736510271
        0.1333777925975321
       -0.4520915760398337
        0.1333777925975336
        -1.024056812169208
        0.1333777925975312
       -0.4112904504997356
        0.1333777925975322
       -0.1001519119340018
        0.1333777925975311
        -1.214495849065237
         0.133377792597533
        -1.078562763110256
        0.1333777925975343
       -0.6221756605968507
        0.1333777925975314
        -1.221900271920185
        0.1333777925975317
       -0.7329204575569845
        0.1333777925975329
       -0.2072428540075719
        0.1333777925975322
        -1.015075453945754
        0.1333777925975333
       -0.8296085942932645
        0.1333777925975308
       -0.1600798220018095
        0.1333777925975353
       -0.5019520119162295
        0.1333777925975331
       -0.3163015747584861
        0.1333777925975368
      -0.08364785663621198
        0.1333777925975305
       -0.8873000415263501
          0.13337779259753
         -1.13009769298628
        0.1333777925975332
       -0.7945240387643717
        0.1333777925975342
       -0.8988540083349846
         0.133377792597533
       -0.8424737766854465
        0.1333777925975335
       -0.7036861873571213
        0.1333777925975307
       -0.8881608096396474
        0.1333777925975334
       -0.9063857496585306
        0.1333777925975316
       -0.6107232447949257
        0.1333777925975329
       -0.2205183016155172
        0.1333777925975341
        -0.198212893980937
        0.1333777925975315
       -0.5273147510938291
        0.1333777925975315
       -0.5280970890058208
        0.1333777925975323
       -0.6239275949908414
        0.1333777925975343
       -0.7846882537056723
        0.1333777925975335
       -0.1445588092147876
        0.1333777925975327
       0.03642801930425035
        0.1333777925975353
       -0.5255541759571756
        0.1333777925975314
       -0.1260279602293597
        0.1333777925975313
        0.1230764011030027
        0.1333777925975314
       -0.2926080905794634
        0.1333777925975329
        0.3784344494642627
        0.1333777925975319
        0.5136094209600791
        0.1333777925975295
        -0.632099925335352
        0.1333777925975325
       -0.5109396167954646
        0.1333777925975317
       -0.3106558196929392
        0.1333777925975335
        -1.071445875422705
        0.1333777925975361
       -0.5065690948032486
        0.1333777925975365
       -0.1127104146618331
         0.133377792597531
        -1.128753651382829
        0.1333777925975309
       -0.8243459941944664
        0.1333777925975313
       -0.1804298559662464
        0.1333777925975333
       -0.7131929085246809
        0.1333777925975342
        -0.266497522645255
        0.1333777925975349
        0.1316353230922394
        0.1333777925975336
       -0.8817982843836853
        0.1333777925975319
       -0.8941364891978076
        0.1333777925975345
       -0.3282940854922231
        0.1333777925975321
       -0.6539095276540929
        0.1333777925975352
       -0.3547383716012854
        0.1333777925975292
       0.09194224047149152
        0.1333777925975316
       -0.3977195573585026
        0.1333777925975318
       -0.3425288623172117
        0.1333777925975325
        0.2114820882909789
         0.133377792597534
        0.2534841008529119
        0.1333777925975328
        0.2623538281210342
         0.133377792597531
        0.1704284607961842
         0.133377792597535
       -0.2469297461313231
        0.1333777925975336
       -0.5255216016059451
        0.1333777925975322
       -0.4850788234757589
        0.1333777925975342
       -0.1609359666708473
        0.1333777925975316
       -0.1215803045400529
        0.1333777925975348
       -0.4166223091465924
        0.1333777925975327
        -0.218325247038237
        0.1333777925975311
       -0.1133943495338487
        0.1333777925975344
       -0.2173163935006843
        0.1333777925975315
         0.473043175310202
        0.1333777925975313
        0.5799605440933401
         0.133377792597531
       -0.2441827113417867
         0.133377792597532
      -0.02519778899819109
        0.1333777925975348
        0.1137822729971549
         0.133377792597532
       -0.4095570407376664
        0.1333777925975321
        0.3597328761811598
         0.133377792597533
        0.7244204664776066
        0.1333777925975324
       -0.2112541643191502
        0.1333777925975337
        0.2224956307842913
        0.1333777925975348
         0.728940891342462
        0.1333777925975333
       0.07299967854810405
        0.1333777925975365
        0.6283971867503994
        0.1333777925975391
        0.8775352158753833
        0.1333777925975341
       -0.4718029717833443
        0.1333777925975335
       -0.5038301318843148
         0.133377792597533
       -0.1222817519739983
        0.1333777925975325
       -0.8774216497771979
        0.1333777925975306
       -0.5357936851995353
        0.1333777925975297
       -0.1167064036992563
        0.1333777925975329
        -1.052723868062164
        0.1333777925975304
       -0.9565710405357425
        0.1333777925975305
       -0.2954320367663024
        0.1333777925975332
       -0.6116284607254131
        0.1333777925975303
       -0.4492485568872622
        0.1333777925975315
       -0.2522205496501036
        0.1333777925975335
        -1.001621718708057
        0.1333777925975302
        -1.196284315554956
        0.1333777925975359
       -0.8139736799450388
        0.1333777925975316
       -0.7544310997050027
        0.1333777925975317
       -0.6339315844816925
        0.1333777925975323
       -0.5562733276645181
        0.1333777925975349
       -0.6593641309756555
        0.1333777925975319
        -0.653245299121924
        0.1333777925975349
       -0.4714955291681746
        0.1333777925975323
      -0.05280904497617608
         0.133377792597535
        -0.114670422338709
        0.1333777925975345
       -0.7356217686094324
        0.1333777925975333
       -0.8151552400394814
        0.1333777925975337
         -0.97576394238327
        0.1333777925975324
        -1.358173654352621
        0.1333777925975332
       -0.7193332749902461
        0.1333777925975316
       -0.5493879602027155
        0.1333777925975365
        -1.322162861977165
        0.1333777925975316
       -0.8804479981346407
        0.1333777925975331
       -0.5013683787804083
        0.1333777925975324
       -0.9635571376826751
        0.1333777925975328
       -0.1560653532704222
        0.1333777925975311
        0.1436723443731976
        0.1333777925975299
        -1.042569441763122
        0.1333777925975329
       -0.7719698716670772
        0.1333777925975324
       -0.3137091302865122
        0.1333777925975322
       -0.9894466217584225
        0.1333777925975314
        -0.261691931932459
        0.1333777925975317
        0.3074324140405192
        0.1333777925975314
       -0.7240517764167237
        0.1333777925975312
       -0.3775703462984765
        0.1333777925975352
        0.3620379542864594
        0.1333777925975335
       -0.2229391176449914
         0.133377792597535
        0.1234282124936829
        0.1333777925975305
        0.3996803326063332
        0.1333777925975317
       -0.8114460289523897
        0.1333777925975334
        -1.006244653600843
        0.1333777925975325
       -0.5587887234973063
          0.13337779259753
       -0.9768079657225176
        0.1333777925975281
       -0.8186254872650216
        0.1333777925975299
       -0.5274995108643673
        0.1333777925975324
        -1.070063523173063
        0.1333777925975329
        -1.059293008016557
        0.1333777925975342
       -0.5419228535533192
        0.1333777925975278
       -0.3920714692878529
        0.1333777925975334
       -0.3539751405083586
        0.1333777925975339
       -0.5191855670512788
        0.1333777925975323
       -0.8050542999015932
        0.1333777925975292
        -0.954938443674736
        0.1333777925975347
       -0.8841910460909026
         0.133377792597531
       -0.3280134804876201
        0.1333777925975337
        -0.151314047621272
        0.1333777925975322
       -0.5337851019047967
        0.1333777925975305
       -0.2052006867689446
        0.1333777925975352
      0.006115003746363089
        0.1333777925975318
       -0.2222488827596613
        0.1333777925975314
        0.5225357685170132
        0.1333777925975327
        0.6061167123130058
        0.1333777925975322
       -0.5184381410213706
         0.133377792597534
       -0.3563588596887969
         0.133377792597532
       -0.2015827846593435
         0.133377792597529
       -0.9124329743899126
        0.1333777925975329
       -0.1211025497058057
        0.1333777925975314
        0.3018724076942569
        0.1333777925975295
       -0.7909663025665145
         0.133377792597533
       -0.2828632147553484
        0.1333777925975335
        0.4317912756887419
        0.1333777925975333
       -0.1871162850667014
        0.1333777925975337
         0.526834007952132
        0.1333777925975339
        0.9823432226769834
        0.1333777925975311
        -0.322889995271826
        0.1333777925975344
       -0.1791349196607856
        0.1333777925975355
        0.4955342526870392
        0.1333777925975329
      -0.07761603195980941
        0.1333777925975243
        0.4384133584699407
        0.1333777925975317
         1.018320771797622
        0.1333777925975366
        0.1460376294043067
        0.1333777925975367
        0.2944262786773438
        0.1333777925975324
         1.017012768304063
        0.1333777925975329
        0.7165108387189905
        0.1333777925975356
        0.7701196076145048
        0.1333777925975352
        0.7670973397702445
        0.1333777925975306
       -0.1263651878732877
        0.1333777925975353
       -0.4876816025046326
         0.133377792597533
       -0.2880083748824411
         0.133377792597533
       -0.2606383978760246
        0.1333777925975332
       -0.2569708496065927
        0.1333777925975341
       -0.4107554126539287
        0.1333777925975321
       -0.5121528485201583
        0.1333777925975313
       -0.4966583137989413
        0.1333777925975351
       -0.4073599667923857
         0.133377792597532
        0.1606392883146795
        0.1333777925975323
        0.1698694577598217
        0.1333777925975336
       -0.5942811505251306
        0.1333777925975307
       -0.5199902662043068
        0.1333777925975302
       -0.4938372330707866
        0.1333777925975325
       -0.8924277175946725
        0.1333777925975326
      -0.02209108141413384
        0.1333777925975314
        0.3148349494287208
         0.133377792597532
       -0.6046276201355315
        0.1333777925975325
      -0.05990318032978696
        0.1333777925975292
        0.4503106537198647
        0.1333777925975319
       -0.1792977125180077
        0.1333777925975345
        0.6245427309720858
        0.1333777925975313
        0.8846564072830375
        0.1333777925975351
       -0.6441716388896961
        0.1333777925975338
       -0.4881114066782508
        0.1333777925975316
      -0.01600759974324386
         0.133377792597533
       -0.8742200564303862
        0.1333777925975327
       -0.1760549794837788
        0.1333777925975296
         0.427592353791471
        0.1333777925975315
       -0.7362975792656281
        0.1333777925975345
       -0.3461324377198755
        0.1333777925975306
        0.5865324619365294
        0.1333777925975322
        0.0925462651910262
        0.1333777925975309
        0.5625137504252847
        0.1333777925975303
        0.9877384649957641
        0.1333777925975326
       -0.1271482000796235
        0.1333777925975325
       -0.1615568415763513
        0.1333777925975309
        0.5232824914731175
        0.1333777925975337
        0.3498835556851939
         0.133377792597534
        0.6597428600497257
        0.1333777925975315
         1.009234664158129
        0.1333777925975342
        0.5714183375058097
          0.13337779259753
        0.6237942046304954
        0.1333777925975335
         1.094075865013362
        0.1333777925975321
         1.284840574236228
        0.1333777925975329
         1.188482547255691
        0.1333777925975335
        0.6814667492549883
        0.1333777925975289
        0.2633428586484309
        0.1333777925975335
      -0.03964981326096949
        0.1333777925975303
       -0.2543637325192775
        0.1333777925975305
        0.2913805995084594
        0.1333777925975375
        0.3770102778239937
        0.1333777925975349
          -0.3330578157292
        0.1333777925975309
       0.01940021738596594
        0.1333777925975309
        0.3044335488460972
        0.1333777925975331
      -0.06958940236844445
         0.133377792597534
        0.8355909947152969
         0.133377792597531
          1.03639928823798
        0.1333777925975358
       -0.2845007355158954
        0.1333777925975331
        0.0320183840828111
         0.133377792597535
        0.4393196129145514
        0.1333777925975304
       -0.2983110664401932
        0.1333777925975328
        0.7075846942928129
        0.1333777925975329
         1.323791486379307
        0.1333777925975348
       0.06855067603810505
        0.1333777925975319
         0.645783989424435
        0.1333777925975305
         1.509615598038203
        0.1333777925975329
        0.7308130624878805
        0.1333777925975345
         1.379582836420024
        0.1333777925975331
         1.757720117434306
        0.1333777925975347
        0.1186192420452507
        0.1333777925975327
        0.1014174593915791
        0.1333777925975331
        0.7684450432152978
        0.1333777925975317
       0.07213837484012801
        0.1333777925975335
          0.52576643622917
        0.1333777925975322
         1.087786603190263
        0.1333777925975339
        0.1561199665113299
        0.1333777925975307
        0.3484904609508728
        0.1333777925975311
         1.221317072220283
        0.1333777925975337
         1.102957323702257
        0.1333777925975323
         1.273087964387988
        0.1333777925975333
         1.323243002125262
        0.1333777925975309
        0.5995485914283162
         0.133377792597535
        0.4168278331041389
        0.1333777925975323
         0.764617404476387
        0.1333777925975314
         1.104225691939237
         0.133377792597532
         1.260545653339914
        0.1333777925975289
         1.022364605385945
        0.1333777925975369
         1.051976581338674
        0.1333777925975325
          1.11797349229572
        0.1333777925975339
         1.015748779979699
        0.1333777925975347
         1.613461781271129
        0.1333777925975322
         1.462036804594916
        0.1333777925975363
        0.1758447070882656
        0.1333777925975309
       0.08043114823479847
        0.1333777925975289
      -0.03683029540008967
        0.1333777925975333
       -0.8469607906733595
        0.1333777925975322
      -0.02355030929841147
        0.1333777925975337
           0.2263592305406
        0.1333777925975323
        -1.135242077773804
        0.1333777925975342
       -0.6056066233022678
        0.1333777925975326
       0.01362915873337621
        0.1333777925975333
        -0.822198679341978
        0.1333777925975312
        0.0846775346389516
        0.1333777925975311
        0.4543561617476039
        0.1333777925975334
        -1.330554284870366
        0.1333777925975342
        -1.082334080514667
          0.13337779259753
       -0.3507766453897576
        0.1333777925975357
        -1.242743625456521
         0.133377792597531
       -0.4071516462659275
        0.1333777925975305
        0.3369901179393894
        0.1333777925975359
         -1.00329916645168
        0.1333777925975327
       -0.6257117135272304
        0.1333777925975326
        0.3923613459509494
        0.1333777925975316
       -0.2510498100730185
        0.1333777925975289
       0.04918288956699738
         0.133377792597534
        0.2641971612142099
        0.1333777925975357
        -1.174629535476773
        0.1333777925975337
        -1.434225898313973
        0.1333777925975303
       -0.8569162653487403
        0.1333777925975312
        -1.084697792033332
         0.133377792597533
       -0.8707279462274178
        0.1333777925975296
       -0.6643841470183897
        0.1333777925975312
        -1.077346404602658
        0.1333777925975363
       -0.9540660537560742
        0.1333777925975309
       -0.4251007971491791
        0.1333777925975321
       0.05020085178903105
        0.1333777925975342
       0.09733757275733759
        0.1333777925975315
       -0.4907699942331591
        0.1333777925975327
       -0.6541818439666294
        0.1333777925975322
        -0.702206782845634
         0.133377792597532
       -0.8618392176210561
        0.1333777925975353
       0.07857741666637291
        0.1333777925975311
        0.3789739128754775
        0.1333777925975302
       -0.5441643507671708
        0.1333777925975303
      -0.01690177719661345
        0.1333777925975352
        0.4024281139154039
        0.1333777925975311
       -0.2609781362281755
        0.1333777925975298
        0.6808131838930489
        0.1333777925975338
        0.7607020686058826
        0.1333777925975346
        -1.195834106383419
        0.1333777925975336
        -1.053601668015958
        0.1333777925975306
       -0.6969289230637035
        0.1333777925975337
        -1.863093621876189
         0.133377792597533
       -0.8902196402100956
        0.1333777925975305
       -0.2791313612344473
        0.1333777925975332
        -1.959015274792001
        0.1333777925975337
        -1.361732070999055
         0.133377792597533
       -0.2660572693304125
        0.1333777925975316
        -1.153162422158793
        0.1333777925975343
       -0.3739344206668511
        0.1333777925975327
         0.174892191086994
        0.1333777925975332
        -1.614785906908221
         0.133377792597534
        -1.492758879293977
        0.1333777925975321
        -0.482212110114871
        0.1333777925975316
        -1.039106557159605
        0.1333777925975321
       -0.4047885359218389
        0.1333777925975317
        0.3028275186231097
        0.1333777925975305
       -0.6473826140388386
        0.1333777925975324
       -0.4113437581505683
        0.1333777925975326
          0.54213290720451
        0.1333777925975329
         0.446538187837185
        0.1333777925975326
        0.4757473344533252
        0.1333777925975321
        0.2203711834362036
        0.1333777925975326
       -0.6741309821463284
        0.1333777925975335
       -0.9943066644283811
        0.1333777925975352
       -0.7994695008090598
        0.1333777925975313
       -0.3112029418906072
         0.133377792597531
         -0.13579741478407
        0.1333777925975338
         -0.59598433169964
        0.1333777925975309
       -0.3448572101337577
        0.1333777925975337
      -0.02688949564085687
        0.1333777925975343
       -0.1032305037701645
        0.1333777925975326
         0.964832137665868
        0.1333777925975329
         1.106477585550148
         0.133377792597532
       -0.3521012214273831
        0.1333777925975317
      -0.05388557038586318
        0.1333777925975304
        0.2747741892281145
        0.1333777925975339
       -0.5148939030220456
        0.1333777925975324
        0.8120222797910905
        0.1333777925975352
         1.409571925036059
        0.1333777925975343
       -0.2514240090374876
        0.1333777925975324
        0.4944200260199729
        0.1333777925975322
         1.376152689978403
        0.1333777925975324
        0.1971649078493428
        0.1333777925975318
         1.110448501429558
        0.1333777925975316
         1.382414447185931
        0.1333777925975373
        -1.126865250147451
        0.1333777925975311
        -1.105272063915452
        0.1333777925975333
       -0.3630680140705974
        0.1333777925975314
        -1.660570213216679
         0.133377792597531
        -0.899212433391307
        0.1333777925975305
        -0.155650973668194
        0.1333777925975342
        -1.875888999254719
        0.1333777925975327
        -1.492746202027201
        0.1333777925975316
        -0.212136695162753
        0.1333777925975323
       -0.8424629163225745
        0.1333777925975299
       -0.4481859106702418
        0.1333777925975313
       -0.1457190222338124
        0.1333777925975315
         -1.63243435343409
        0.1333777925975315
        -1.755391919002049
        0.1333777925975326
       -0.8940697991917576
        0.1333777925975312
       -0.8173387951871188
        0.1333777925975318
       -0.4336528795928739
        0.1333777925975327
       -0.2557498395255963
        0.1333777925975307
       -0.5684219089702908
        0.1333777925975318
       -0.3865960954849263
        0.1333777925975309
       0.04467897333344101
        0.1333777925975356
        0.6513768268333833
         0.133377792597534
        0.5263345915560033
        0.1333777925975367
       -0.6600063899205549
        0.1333777925975332
        -0.928980393593109
         0.133377792597532
        -1.058476550048887
        0.1333777925975345
        -1.568170603506237
         0.133377792597532
       -0.3628155505796892
        0.1333777925975301
       0.03783786285841783
        0.1333777925975334
        -1.327676588615229
        0.1333777925975302
       -0.4762706328151758
        0.1333777925975339
        0.3652258081215985
        0.1333777925975328
       -0.3987046031513499
        0.1333777925975308
         1.093926698707943
        0.1333777925975322
         1.574235424214413
        0.1333777925975327
       -0.7335331307924966
        0.1333777925975325
       -0.1647001465384596
        0.1333777925975325
        0.8053942583183956
        0.1333777925975302
       -0.4021354555874809
         0.133377792597536
         1.083332246994919
         0.133377792597533
         2.116414841328401
        0.1333777925975313
       0.03291517909768091
         0.133377792597533
        0.7973876538695773
        0.1333777925975338
         2.226837840269205
        0.1333777925975302
          0.96235767699136
        0.1333777925975336
         1.623709511512673
         0.133377792597533
         1.987241010185539
        0.1333777925975334
       -0.5937130595810264
         0.133377792597531
       -0.8072982484747294
        0.1333777925975336
        0.1926664348797978
         0.133377792597533
       -0.6677809533024984
        0.1333777925975324
       -0.1709999863364541
        0.1333777925975316
        0.4322428048689859
        0.1333777925975328
       -0.7661957955319644
        0.1333777925975302
       -0.5095503914182907
        0.1333777925975345
         0.655101334454479
        0.1333777925975303
        0.7995569810683655
        0.1333777925975332
        0.9218042281273915
        0.1333777925975338
        0.5455840715784681
        0.1333777925975319
       -0.2089594123913405
        0.1333777925975327
       -0.3103013324277851
        0.1333777925975337
        0.0281894016857367
        0.1333777925975326
         1.081851015170162
        0.1333777925975357
         1.503659720356262
         0.133377792597532
        0.7309596641198035
        0.1333777925975339
         1.260523563263298
         0.133377792597531
          1.76473370155743
         0.133377792597532
         1.333899436027945
        0.1333777925975291
          2.66743436841217
        0.1333777925975304
         2.673668865528541
        0.1333777925975305
        0.2125623005727635
        0.1333777925975311
        0.4604419761500281
        0.1333777925975341
        0.8646913382912187
        0.1333777925975333
       -0.5064561462948395
        0.1333777925975344
         1.191907325610052
        0.1333777925975324
          2.03912546728748
        0.1333777925975309
       -0.3187283386435981
        0.1333777925975331
        0.8263711218097892
        0.1333777925975292
         2.378074138169118
        0.1333777925975322
        0.9932070710265942
        0.1333777925975337
         2.475364311168623
        0.1333777925975326
         3.238094191519689
        0.1333777925975312
        0.1911641095426204
        0.1333777925975334
        0.5948201001913569
        0.1333777925975289
          2.10204701651976
        0.1333777925975282
        0.7565276918729157
        0.1333777925975291
         1.950133789771513
         0.133377792597531
         3.074639856877089
        0.1333777925975327
        0.8667714890170607
        0.1333777925975365
         1.271667201786989
        0.1333777925975354
         2.815311886386498
        0.1333777925975333
           1.8055992672473
        0.1333777925975297
         1.819866431033982
        0.1333777925975304
         1.578684642290668
        0.1333777925975336
       -0.7836676157982148
        0.1333777925975337
        -1.450684155452874
        0.1333777925975324
       -0.8577875748409833
        0.1333777925975342
       -0.9446358449682737
        0.1333777925975328
         -0.83597374324308
        0.1333777925975303
         -1.16790601208506
        0.1333777925975313
        -1.585881613076347
        0.1333777925975348
        -1.378827915333917
        0.1333777925975357
        -1.046199884659857
        0.1333777925975319
       0.03962591133862147
         0.133377792597532
       -0.0298330819174287
        0.1333777925975363
        -1.886321400599536
        0.1333777925975323
        -1.868222435119773
        0.1333777925975312
        -1.659667859186423
        0.1333777925975303
        -2.408881285301252
        0.1333777925975333
       -0.3978972278549077
        0.1333777925975333
        0.3483717632270248
        0.1333777925975325
        -1.896040986370879
        0.1333777925975342
       -0.6594816489803857
        0.1333777925975331
        0.5639331258938334
        0.1333777925975327
        -1.007869006284985
        0.1333777925975358
        0.7755022055546037
        0.1333777925975321
         1.136174684206628
        0.1333777925975301
        -2.813253698000894
        0.1333777925975327
        -2.367075106041163
        0.1333777925975322
        -1.097529338142406
        0.1333777925975301
        -3.165227254879889
        0.1333777925975339
        -1.272026461941903
        0.1333777925975335
        0.1873147194202451
        0.1333777925975348
        -2.860482592988423
        0.1333777925975344
        -1.654933195654064
        0.1333777925975329
        0.7858563107621777
        0.1333777925975303
       -0.6551054799856593
        0.1333777925975341
         0.559065088493218
        0.1333777925975316
         1.457198962193619
        0.1333777925975331
        -1.730498952614191
        0.1333777925975322
        -1.584223738255037
        0.1333777925975326
        0.3671864011067341
        0.1333777925975314
       -0.2552328565364103
         0.133377792597532
        0.6683534796983159
        0.1333777925975324
          1.51757819607137
        0.1333777925975349
       0.01352111373620755
        0.1333777925975329
        0.2874538422210186
        0.1333777925975341
         1.584651739946025
          0.13337779259753
         1.679243018277525
        0.1333777925975316
           1.2679991011697
        0.1333777925975326
       -0.2643253982759359
        0.1333777925975298
        -1.710974371367342
        0.1333777925975331
        -2.316983528899924
        0.1333777925975326
        -2.599540993134978
        0.1333777925975315
         -1.14717671051458
        0.1333777925975323
       -0.8114673623913059
         0.133377792597531
        -2.672853717841993
        0.1333777925975315
        -1.709767321477018
        0.1333777925975314
       -0.6924088757879079
        0.1333777925975339
        -1.556037392419042
        0.1333777925975323
        0.9103198113142906
        0.1333777925975337
         1.340961359278603
        0.1333777925975323
        -2.519675735920649
        0.1333777925975345
        -1.517699217205175
        0.1333777925975336
       -0.0978277044554601
         0.133377792597534
         -2.02969570149925
        0.1333777925975315
         1.087931820907348
        0.1333777925975315
         2.855794421016224
        0.1333777925975326
        -0.991401374091443
        0.1333777925975328
        0.9068532235916446
        0.1333777925975309
         3.565938373964746
        0.1333777925975322
         1.032326816572882
        0.1333777925975332
         2.975281439737312
        0.1333777925975319
         3.864338221943597
        0.1333777925975299
        -1.519458302648689
        0.1333777925975327
        -1.238300709587604
        0.1333777925975354
         1.152986405173871
        0.1333777925975303
        -1.038900427519588
        0.1333777925975348
        0.7425305955088864
        0.1333777925975336
         2.619598464268218
        0.1333777925975335
       -0.5785407199521027
        0.1333777925975337
        0.4719024074189652
        0.1333777925975356
         3.577907726713864
        0.1333777925975327
         2.869767480736425
        0.1333777925975333
         3.465280212893937
        0.1333777925975322
         3.534621413261824
        0.1333777925975349
        0.7381239549305346
        0.1333777925975344
        0.5000182924602016
        0.1333777925975333
         2.081249709930624
        0.1333777925975323
         3.046368622036182
        0.1333777925975312
         3.667360614509689
        0.1333777925975332
         2.853736586200447
        0.1333777925975327
         2.611570989456938
          0.13337779259753
         2.973719342636302
        0.1333777925975333
         2.719647161995477
        0.1333777925975326
         4.391126686204742
        0.1333777925975332
         3.517257961717597
         0.133377792597531
        -1.327632762198548
        0.1333777925975293
        -1.821249902263101
          0.13337779259753
        -1.947400331125297
        0.1333777925975297
        -4.521005500801859
        0.1333777925975323
         -1.25218413451532
        0.1333777925975287
       -0.2276853371493187
        0.1333777925975336
        -5.302106774403369
        0.1333777925975319
        -2.956310936952995
        0.1333777925975305
         -0.23442606757513
        0.1333777925975322
        -3.370817579113478
        0.1333777925975323
        0.3116830159612643
        0.1333777925975326
         1.586216737622023
        0.1333777925975314
        -5.807835201134457
        0.1333777925975332
        -4.294503750212859
        0.1333777925975332
       -0.7994087441726401
        0.1333777925975352
        -4.334866763762971
        0.1333777925975342
       -0.3628749603851306
        0.1333777925975336
         2.816579201610303
         0.133377792597531
        -3.243791387845164
         0.133377792597534
        -1.103250368878319
        0.1333777925975315
         3.604619579211309
        0.1333777925975311
        0.2794160114629745
        0.1333777925975319
         1.655674120468484
        0.1333777925975351
         2.402347290251486
        0.1333777925975337
        -4.730655548212574
        0.1333777925975329
        -5.218214461970448
         0.133377792597531
        -1.739936373324502
        0.1333777925975298
        -2.860809124603898
        0.1333777925975314
        -1.281559720518192
        0.1333777925975324
       0.09198026677283028
        0.1333777925975339
        -2.183956254963467
        0.1333777925975337
       -0.8632535123153909
        0.1333777925975321
         2.427925606538992
        0.1333777925975335
         4.388270050049405
        0.1333777925975349
          4.51139282022547
        0.1333777925975326
           1.3747798192097
        0.1333777925975337
        0.1587373904653887
        0.1333777925975325
        0.4702737701370774
        0.1333777925975297
        0.3315327536745527
        0.1333777925975332
         5.479098880023541
        0.1333777925975319
         7.049601466383754
        0.1333777925975318
         1.616695114486846
        0.1333777925975336
         4.433003608348765
        0.1333777925975318
         6.905279131614073
         0.133377792597532
         2.716044740957363
        0.1333777925975344
         7.834561004754384
        0.1333777925975342
         7.324961622965684
        0.1333777925975335
        -5.948621229028173
        0.1333777925975313
        -4.903609012844543
        0.1333777925975289
        -2.130094966677403
        0.1333777925975312
        -9.734873955431548
         0.133377792597532
        -2.473862540141647
        0.1333777925975318
         1.707911761863332
        0.1333777925975313
        -10.77720013608684
        0.1333777925975335
        -5.480900897076838
        0.1333777925975342
         3.261282448130005
        0.1333777925975312
        -4.124146760766028
        0.1333777925975318
         2.129865989976723
        0.1333777925975325
         5.897620126054361
        0.1333777925975331
        -10.07389663242667
        0.1333777925975309
        -7.790162305151934
        0.1333777925975343
         2.203732010733517
         0.133377792597532
        -3.151134789702977
        0.1333777925975342
         3.491311650068297
        0.1333777925975319
         10.14351686750911
        0.1333777925975309
       -0.6353566544459038
        0.1333777925975332
         2.604707696376426
         0.133377792597531
          12.9339891961238
        0.1333777925975325
         9.568758280540015
        0.1333777925975325
         8.573041160208072
         0.133377792597532
         3.969034351695814
        0.1333777925975311
        -9.405288024474444
        0.1333777925975329
         -12.6927629595727
        0.1333777925975306
        -8.674846237458409
         0.133377792597533
        -2.753085724545879
        0.1333777925975333
       -0.2564467439383719
        0.1333777925975311
        -7.347897915578954
        0.1333777925975335
        -3.991776131635997
        0.1333777925975356
         2.871373540200774
         0.133377792597532
         2.584027940643928
         0.133377792597533
         21.47457381470405
        0.1333777925975311
         20.71416499759163
        0.1333777925975363
        -16.77008050030457
        0.1333777925975348
        -11.73662288900664
        0.1333777925975297
        -2.563498921724135
        0.1333777925975335
        -25.43936549249596
        0.1333777925975297
         21.54015141262687
        0.1333777925975297
         40.93728970833214
        0.1333777925975353
        -45.79227771114564
        0.1333777925975363
        -6.648551967334085
        0.1333777925975249
         56.16701204039981
        0.1333777925975363
        -80.10189031346765
        0.1333777925975325
         64.64532655870858
        0.1333777925975325
         70.91251952451798
