                         0
                       -10
                        10
        -7.071067811865475
         7.071067811865476
        -3.826834323650897
         3.826834323650898
        -9.238795325112868
         9.238795325112868
        -1.950903220161282
         1.950903220161283
         -5.55570233019602
         5.555702330196023
        -8.314696123025453
         8.314696123025453
        -9.807852804032304
         9.807852804032304
       -0.9801714032956065
        0.9801714032956077
        -2.902846772544621
         2.902846772544623
        -4.713967368259977
         4.713967368259978
        -6.343932841636454
         6.343932841636455
         -7.73010453362737
          7.73010453362737
        -8.819212643483549
         8.819212643483551
        -9.569403357322088
         9.569403357322088
        -9.951847266721968
          9.95184726672197
       -0.4906767432741801
        0.4906767432741813
        -1.467304744553616
         1.467304744553617
        -2.429801799032639
          2.42980179903264
          -3.3688985339222
           3.3688985339222
        -4.275550934302819
         4.275550934302822
        -5.141027441932216
         5.141027441932216
        -5.956993044924333
         5.956993044924335
        -6.715589548470184
         6.715589548470184
        -7.409511253549589
         7.409511253549591
        -8.032075314806448
          8.03207531480645
         -8.57728610000272
         8.577286100002722
        -9.039892931234434
         9.039892931234434
        -9.415440651830206
         9.415440651830208
        -9.700312531945439
         9.700312531945439
        -9.891765099647809
         9.891765099647809
        -9.987954562051724
         9.987954562051724
         -9.90410430875205
        -9.734380543606928
        -9.989329748023724
        -9.481606475909658
        -9.989329748023724
        -9.147938684880209
        -9.904104308752052
        -8.736223906463694
        -9.734380543606928
        -8.249974745983021
        -9.481606475909658
        -7.693339709828789
        -9.147938684880211
        -7.071067811865475
        -8.736223906463694
        -6.388468056519611
        -8.249974745983023
        -5.651364144225919
        -7.693339709828788
        -4.866044785668561
        -7.071067811865477
        -4.039210048718948
        -6.388468056519616
        -3.177914195819016
        -5.651364144225917
        -2.289505499501338
        -4.866044785668564
         -1.38156354951882
        -4.039210048718952
       -0.4618345864573939
        -3.177914195819022
        0.4618345864573974
         -2.28950549950134
         1.381563549518823
