        -8.599634154809451
        0.4040404040404041
        -2.553986255921339
        0.4040404040404036
         8.944206267460567
        0.4040404040404038
        0.3408403573409463
        0.4040404040404043
        -2.268867797796911
        0.4040404040404041
         2.500077323171973
         0.404040404040404
      -0.09062316613572388
        0.4040404040404041
        -1.199395431212352
        0.4040404040404043
        0.8066409254377414
        0.4040404040404043
        -1.093976564998151
        0.4040404040404041
        -1.003592607743917
         0.404040404040404
         1.010970703754846
        0.4040404040404041
      -0.03231020938147761
        0.4040404040404041
       -0.2634534074252983
        0.4040404040404038
       -0.1088372453106192
        0.4040404040404045
         -1.61055726038656
        0.4040404040404039
        -1.230342030317029
        0.4040404040404044
       -0.4383952820830476
        0.4040404040404041
       -0.8370289069744583
        0.4040404040404038
       -0.2521454743443152
        0.4040404040404039
        -0.441207151592901
        0.4040404040404041
       -0.9019492280912558
        0.4040404040404044
        0.4211776674025841
        0.4040404040404044
        0.7244389763558913
        0.4040404040404044
        0.6171513043480312
        0.4040404040404036
         1.048004160854213
        0.4040404040404045
       -0.7485136784801428
        0.4040404040404039
        -1.703218165353326
        0.4040404040404043
       -0.6492195117360622
        0.4040404040404043
        -1.450214679520506
         0.404040404040405
        -1.068744059605572
        0.4040404040404044
        0.1712635686419761
        0.4040404040404039
        -1.892665598672929
        0.4040404040404036
        -1.459387859619569
        0.4040404040404044
         1.149645397873336
        0.4040404040404039
       0.09429412599745057
         0.404040404040404
         1.355591764260504
        0.4040404040404043
         2.702072106518139
        0.4040404040404038
        -2.033631758180551
        0.4040404040404043
        -1.922388409286282
        0.4040404040404041
         1.144823682551114
        0.4040404040404044
        -1.803940908729379
        0.4040404040404039
         1.587769677864168
        0.4040404040404041
         5.017598183830883
        0.4040404040404043
        -4.088037402080048
        0.4040404040404036
        -1.251294247155606
        0.4040404040404039
         7.300638010995765
        0.4040404040404034
        -6.570462166317307
         0.404040404040404
         3.036349412142301
        0.4040404040404041
         4.797233501229828
