        -10.39818017623922
        0.4004004004003947
         6.333216399478337
         0.400400400400389
         2.880592956780041
        0.4004004004004117
       -0.5112281971758692
        0.4004004004003947
         2.097152222413485
        0.4004004004004117
        -1.096386491953226
        0.4004004004003975
         1.123298696037438
        0.4004004004003982
       -0.5879256047055907
        0.4004004004003962
         2.106155120889654
        0.4004004004004089
       -0.9192222077155945
        0.4004004004004026
        0.6610569201775018
        0.4004004004004014
        -1.121465389007309
        0.4004004004003975
         1.139418188085052
        0.4004004004004018
        -1.026461173110403
         0.400400400400399
         1.046867613994487
        0.4004004004003975
        0.2481875364762145
        0.4004004004003994
         1.969653106323648
        0.4004004004004033
       -0.3718835002260932
        0.4004004004004046
        0.4509432560302004
        0.4004004004004008
       -0.5971926822158714
        0.4004004004004018
        0.3314832814924845
        0.4004004004004011
        -1.131116567595326
        0.4004004004003992
       0.01099225204429898
        0.4004004004003954
       0.07950323524512744
        0.4004004004004029
        0.6167419845171185
        0.4004004004003982
       -0.5422839325496621
        0.4004004004004018
       -0.1771272774550755
        0.4004004004004004
        0.1737670515078171
        0.4004004004004028
        0.3600384779392398
        0.4004004004003997
        0.2717339929102909
        0.4004004004003979
        0.8512765225676396
        0.4004004004004011
         1.792136917105096
        0.4004004004004004
         1.067438716339419
        0.4004004004004033
        0.5661068550473065
        0.4004004004004033
      -0.08306285428973885
        0.4004004004004022
        0.5743434777348638
        0.4004004004004026
       -0.5663317534846861
        0.4004004004004013
        -0.224743963636007
        0.4004004004004008
       -0.4574458126218191
        0.4004004004004002
        0.7455626296792481
        0.4004004004004033
       -0.7347850302578774
         0.400400400400399
       -0.4833293030185714
        0.4004004004004013
         -1.11235661156605
           0.4004004004004
        0.1793300858267892
        0.4004004004003994
        -0.963354942167298
        0.4004004004003982
        0.1403966983548273
        0.4004004004003968
        0.0791451666136473
         0.400400400400399
         1.325225672308866
        0.4004004004004004
       -0.3344931864296685
        0.4004004004004003
     -0.005832609581824699
         0.400400400400399
       -0.6084950534080521
        0.4004004004004006
        0.2379852620409333
         0.400400400400399
        -0.934335760979135
        0.4004004004004008
      0.005764632610597346
        0.4004004004004008
        0.2138199769016683
        0.4004004004004022
        0.9508244427761903
        0.4004004004004014
       -0.2285864708843748
        0.4004004004004009
        0.1464831160476226
        0.4004004004004008
        0.3794201106661041
        0.4004004004003986
        0.8975692128206333
        0.4004004004004006
        0.5223772978436353
         0.400400400400399
         1.240075487121977
           0.4004004004004
         1.946830235402854
           0.4004004004004
         1.668280724394618
        0.4004004004004014
        0.7664095687595167
        0.4004004004004022
        0.3132381558752792
        0.4004004004004013
        0.6728116158216724
        0.4004004004004026
      -0.04877936483780176
        0.4004004004003997
       -0.1626556788126019
        0.4004004004004011
       -0.1988156665910057
        0.4004004004004008
        0.7725211620777812
        0.4004004004004011
       -0.3419592322536189
        0.4004004004004008
       -0.5175557343859812
        0.4004004004003994
        -1.056768428551009
        0.4004004004004014
        0.0494051416807615
        0.4004004004004004
       -0.9052972183256249
           0.4004004004004
       -0.1554316267281861
        0.4004004004003988
       -0.2209551498282892
        0.4004004004004006
         1.014448013401798
           0.4004004004004
       -0.5937367480117017
        0.4004004004004013
       -0.4869911184980116
        0.4004004004004014
        -1.240220163319361
        0.4004004004004029
       -0.2726994581845495
        0.4004004004004018
        -1.574580836459787
        0.4004004004003992
       -0.6865412440656715
        0.4004004004004016
       -0.6906172715767515
        0.4004004004003977
        0.3855694687255615
        0.4004004004004002
        -1.037653808588098
        0.4004004004003999
       -0.5697521927332787
        0.4004004004004004
       -0.6608307065529339
        0.4004004004003997
        0.2996217009510567
        0.4004004004004001
       -0.4457430432597376
        0.4004004004003982
        0.5086566847658078
           0.4004004004004
         0.901544985832198
        0.4004004004004003
         1.210478051294459
        0.4004004004003999
       -0.1027571863300096
        0.4004004004004002
         -0.24829796339643
        0.4004004004004014
       -0.2215549450631739
        0.4004004004003998
       -0.3390396382392248
        0.4004004004004002
       -0.8686859659658224
        0.4004004004003994
       -0.5225545855242547
        0.4004004004004004
        0.2417775735167509
        0.4004004004004008
       -0.2382907790344472
        0.4004004004004008
        -0.775063535237639
           0.4004004004004
       -0.9824571467171231
        0.4004004004003995
      -0.02578296575710515
        0.4004004004003995
        -0.469593528048579
        0.4004004004003988
     -0.007464038271027835
        0.4004004004004002
        0.2055974630152977
        0.4004004004004026
         1.461327248905024
        0.4004004004004015
        0.2396273203759419
        0.4004004004003993
        0.1459828580281297
        0.4004004004004018
       -0.5054371251053832
        0.4004004004003994
        0.5666489070775891
        0.4004004004004013
         -0.57156105136076
        0.4004004004004004
        0.2389059110840802
        0.4004004004004013
        0.2230702744139936
           0.4004004004004
         1.588812914919944
        0.4004004004004008
        0.1384513819014059
           0.4004004004004
        0.6187833250924192
        0.4004004004004008
        0.2987547495553246
        0.4004004004004004
         1.608765729283286
        0.4004004004003998
        0.5940544996032526
        0.4004004004004011
         1.664127766035671
        0.4004004004004005
         1.716466867212367
        0.4004004004004008
         2.494117691694973
        0.4004004004004018
        0.7273473896863406
        0.4004004004004009
        0.7280048416119413
        0.4004004004004004
        0.2464766613741957
        0.4004004004004014
        0.5994391844103369
        0.4004004004004011
        -0.526044678261085
        0.4004004004004023
       0.04366878673942635
        0.4004004004004005
        0.3121120330682816
        0.4004004004004008
        0.3611556218588204
        0.4004004004004004
       -0.8295597516086093
        0.4004004004003999
       -0.8394701923699834
        0.4004004004004008
       -0.4135762571120359
        0.4004004004003995
       -0.4024769891150054
        0.4004004004004012
       -0.5926004839489803
        0.4004004004004005
       -0.1747186728605505
        0.4004004004004022
        0.6821916903232408
        0.4004004004004009
       -0.1375382368675791
        0.4004004004004011
       -0.8299581383657927
        0.4004004004003999
        -1.390857166872891
        0.4004004004004006
       -0.6330954319486334
        0.4004004004004011
         -1.51190381070868
           0.4004004004004
        -1.148845564534235
        0.4004004004003999
        -1.098282653206779
        0.4004004004003999
        0.2084352806203469
        0.4004004004004004
        -1.085177504342736
        0.4004004004004006
       -0.8895158837967395
        0.4004004004004003
        -1.287971639393734
        0.4004004004004008
          0.12638518327267
        0.4004004004004005
       -0.9029477458447708
        0.4004004004004011
        0.1020226567235793
        0.4004004004004002
        0.0283001619665663
        0.4004004004003998
         1.168878098917185
        0.4004004004003997
       -0.7571094145204146
        0.4004004004004011
       -0.6669526578729559
        0.4004004004004013
        -1.424208842280627
        0.4004004004003999
       -0.5633652723296901
        0.4004004004004011
        -1.982038700849861
           0.4004004004004
        -1.100634229424184
        0.4004004004003975
         -1.09267764773951
        0.4004004004003997
       -0.3247230702425358
           0.4004004004004
        -1.896004960592231
        0.4004004004003974
        -1.499102377118144
        0.4004004004004003
        -1.417292708649852
        0.4004004004004008
        -0.641372007921492
        0.4004004004004003
         -1.27685960361168
           0.4004004004004
       -0.3442410837476656
        0.4004004004003999
        0.2274920078092521
        0.4004004004004003
        0.2030002230278337
        0.4004004004004006
       -0.9900449063315159
        0.4004004004004002
        -1.109534658034414
        0.4004004004004008
        -0.665506006793134
        0.4004004004003998
       -0.8589574404191068
        0.4004004004004009
       -0.9620472847177274
        0.4004004004003994
       -0.4792624945738534
        0.4004004004004011
        0.6657870659955547
           0.4004004004004
      -0.05261716887791019
           0.4004004004004
       -0.2858089984391756
        0.4004004004003997
       -0.4425356602744298
        0.4004004004004006
        0.8628770321967207
        0.4004004004004008
        0.1803237686128434
        0.4004004004004004
        0.8723054649639217
        0.4004004004003996
        0.9215098460284848
        0.4004004004004006
         2.133616956566299
        0.4004004004004008
        0.3144444185445971
        0.4004004004004001
        0.1591976945145785
        0.4004004004003997
       -0.7401315495909794
        0.4004004004003999
        0.2881392070153801
         0.400400400400401
        -1.268087939838443
        0.4004004004003997
       -0.4310327975472573
        0.4004004004004015
       -0.6496627099336082
        0.4004004004003994
        0.5158402859122129
        0.4004004004004008
        -1.392976640235957
        0.4004004004004002
       -0.9261079938596199
        0.4004004004004006
        -1.267251523296265
        0.4004004004004013
       0.01171102418355147
        0.4004004004004003
        -1.128301546536932
        0.4004004004004003
       0.06489596349808849
        0.4004004004004009
        0.1904033378282957
        0.4004004004004001
        0.8086482111819961
        0.4004004004004002
        -1.037983559459912
        0.4004004004004001
       -0.8670839998967603
        0.4004004004004009
       -0.9732451925577057
           0.4004004004004
       -0.4964456804969469
        0.4004004004004006
        -1.271747812312527
         0.400400400400399
       -0.3522736952292616
        0.4004004004003999
        0.3750542524341553
        0.4004004004003999
        0.3793229834288103
        0.4004004004004006
       -0.5205451448399953
        0.4004004004003994
       -0.2911341449539906
        0.4004004004003995
        0.6395605473661626
        0.4004004004004006
        0.5974002220192964
        0.4004004004004001
        0.7415668970501413
           0.4004004004004
         1.196361060000635
        0.4004004004003999
         2.241280462400355
        0.4004004004004008
         0.933403995469222
        0.4004004004004002
        0.3028306882395932
           0.4004004004004
       -0.3811498925707967
        0.4004004004004008
        0.6069467365211964
        0.4004004004004004
       -0.6157080794160167
        0.4004004004004005
     -0.007754162865378264
        0.4004004004004009
       -0.0421477172031559
        0.4004004004004006
         1.379152479642176
        0.4004004004004006
       -0.3891594772037565
        0.4004004004003997
      -0.00217911956670118
        0.4004004004003997
       -0.3905981581008167
        0.4004004004004013
         1.301012171182018
         0.400400400400401
       0.07450780307205015
        0.4004004004004008
          1.42878764735669
        0.4004004004003999
         1.403143646444777
        0.4004004004004008
         2.626211870150603
         0.400400400400402
        0.4066368205207831
           0.4004004004004
         0.784763089295398
        0.4004004004003995
        0.2625303674475979
        0.4004004004004006
         1.408383210612725
        0.4004004004004019
       0.07366820636044323
           0.4004004004004
         1.390781706843687
        0.4004004004004008
           1.6722209793429
        0.4004004004004001
         2.440743580384729
        0.4004004004004008
        0.7824475262216459
        0.4004004004004002
         1.367865508073157
           0.4004004004004
         1.694115706387977
        0.4004004004004017
          2.35731448210444
           0.4004004004004
          1.66844764119978
        0.4004004004004008
         2.525892855236091
        0.4004004004004006
         3.005193354640402
        0.4004004004003999
         2.287736936017986
        0.4004004004004009
        0.7059952900014047
        0.4004004004004002
        0.2275335163853087
        0.4004004004004015
        0.6309303015854554
        0.4004004004004013
       -0.1587527976854603
        0.4004004004004001
       -0.3572180956475211
        0.4004004004004004
       -0.1750449586702917
        0.4004004004003996
        0.9097521080688447
        0.4004004004004002
       -0.5927489525685654
        0.4004004004004008
       -0.9158844564737966
        0.4004004004004009
        -1.307919739106402
        0.4004004004004018
        0.2092791897731966
        0.4004004004004012
       -0.9515098944525796
        0.4004004004004006
      -0.01700888950286801
        0.4004004004003997
        -0.109881956486533
        0.4004004004003997
         1.224142307673804
        0.4004004004004011
        -1.210768540309192
        0.4004004004003998
        -1.119378007698955
        0.4004004004004002
        -1.971600791979972
        0.4004004004003997
       -0.4983681233779502
        0.4004004004004004
        -2.211826792861645
        0.4004004004004001
       -0.7914790949316211
        0.4004004004003998
       -0.8256347152490077
        0.4004004004003996
        0.5910155219640177
           0.4004004004004
        -1.649029526823757
        0.4004004004004011
         -0.80197036525996
        0.4004004004004009
        -0.958721597158926
        0.4004004004004003
        0.5271807752616666
        0.4004004004004008
       -0.8253380236034606
           0.4004004004004
        0.5852327669605274
        0.4004004004004006
        0.6183812463685446
        0.4004004004004001
         0.831881663216912
        0.4004004004004004
        -1.596276801191744
           0.4004004004004
        -1.539431250056888
           0.4004004004004
        -1.652979459070806
        0.4004004004004006
        -1.470993290630395
        0.4004004004004008
        -2.407071281072773
        0.4004004004003994
         -1.47828745090239
        0.4004004004004001
       -0.6840317136476023
        0.4004004004003992
        -1.237344300532217
           0.4004004004004
         -2.28936518451103
        0.4004004004004001
        -2.073161619454715
        0.4004004004004006
       -0.7564164473885148
        0.4004004004004002
        -1.102555552686745
        0.4004004004003999
       -0.6725852489536988
           0.4004004004004
       -0.1809274114335381
        0.4004004004003994
         1.173722743641699
        0.4004004004004002
        -0.776496104367345
        0.4004004004004009
        -1.179756968024661
        0.4004004004004001
        -1.807546579238512
        0.4004004004004016
       -0.1732112252947065
        0.4004004004004022
        -1.662684648723483
        0.4004004004003996
       -0.3847299127537709
        0.4004004004004011
       -0.2791144506940005
        0.4004004004004008
         1.595128258956608
        0.4004004004004008
       -0.8110343504131731
        0.4004004004004002
      -0.01815950391550376
        0.4004004004004011
       -0.4158952592179165
        0.4004004004004011
          1.68350022827594
           0.4004004004004
       -0.1273186928712502
        0.4004004004004004
         1.538142628327394
        0.4004004004004003
         1.164416219235363
        0.4004004004004006
         2.115552656410782
        0.4004004004004008
        -1.231875352758447
        0.4004004004004006
       -0.9450498918327164
        0.4004004004004006
        -1.780386323105451
         0.400400400400401
       -0.7448158122942139
        0.4004004004004006
        -2.678158986837041
        0.4004004004004001
        -1.167077263093009
        0.4004004004004006
        -1.004990636707092
        0.4004004004003994
       -0.5991007361720115
        0.4004004004003994
        -2.833308128310161
        0.4004004004004014
        -2.069266315414246
        0.4004004004004008
        -1.430190791045259
        0.4004004004004006
       -0.7950749007013166
         0.400400400400402
        -1.403141028706579
         0.400400400400402
       -0.1986307820663586
        0.4004004004003991
        0.6565552417761212
        0.4004004004004011
        -0.517668232123154
        0.4004004004003995
        -2.042897095623818
        0.4004004004003997
         -2.21083241547691
        0.4004004004003999
       -0.9309726127458942
           0.4004004004004
        -1.742066734793247
        0.4004004004004006
        -1.142204543372738
        0.4004004004004008
       -0.4653122232823051
        0.4004004004004003
         1.475734448575957
        0.4004004004004002
       -0.5525782063224512
        0.4004004004004008
       -0.2876327506852555
        0.4004004004004002
       -0.4413373428521544
        0.4004004004004014
         2.017829889910717
        0.4004004004004011
        0.3524012313236657
        0.4004004004004001
         1.983832836650219
        0.4004004004003997
         1.734564180124508
        0.4004004004004009
         3.329191596519823
        0.4004004004004006
       -0.4368430054549628
        0.4004004004004003
       -0.1150843659876368
        0.4004004004004006
        -1.245651752196711
        0.4004004004004002
        0.7379484407864471
        0.4004004004003994
        -1.759514793303849
        0.4004004004004006
        0.3923228020826816
        0.4004004004004008
        0.2850366829733371
        0.4004004004004014
         1.933686809407594
        0.4004004004004014
        -1.277598591877797
        0.4004004004004022
        0.1951115434940572
        0.4004004004003988
        0.2967174851322318
        0.4004004004004017
         2.342929764443392
        0.4004004004003985
         0.693602534584039
        0.4004004004004006
         2.928650006954301
           0.4004004004004
         3.191704439430978
           0.4004004004004
         3.243382449667337
        0.4004004004004006
        0.2061769992223901
        0.4004004004004002
        0.7756626322322077
        0.4004004004004006
         1.313380573188106
        0.4004004004004014
         1.671768900790381
        0.4004004004004004
         1.005906583739346
        0.4004004004004006
         2.618956535080702
        0.4004004004004008
         4.053631586690535
        0.4004004004004003
          2.81424156170465
        0.4004004004004008
         1.651671024235067
         0.400400400400401
          1.97875716083505
        0.4004004004004024
         4.030483641297256
        0.4004004004004001
         2.842690197027465
        0.4004004004004004
         3.443768496618763
        0.4004004004003997
         3.491815259442578
        0.4004004004004016
         4.850126432845499
           0.4004004004004
         0.736070300382521
        0.4004004004004009
       -0.0828089585138156
        0.4004004004003998
        -1.545601664733896
        0.4004004004004002
        0.5538817407020296
        0.4004004004003976
        -2.504756556163981
         0.400400400400399
       -0.6488298593890133
        0.4004004004004009
         -1.05727622691731
        0.4004004004003994
         1.214463479799093
        0.4004004004004006
        -3.178104877017543
        0.4004004004003998
        -1.784125949256071
        0.4004004004003997
        -2.387122026438992
        0.4004004004004003
        0.7786525147520027
        0.4004004004004006
        -2.154752050518964
           0.4004004004004
        0.7656674155767621
        0.4004004004004006
        0.2334979744907981
        0.4004004004003998
         1.508428633854739
        0.4004004004003996
        -3.555839058433413
           0.4004004004004
        -2.336974946853692
        0.4004004004003995
        -2.828017479566227
        0.4004004004004011
       -0.8154771403358336
        0.4004004004004006
        -3.149662655011463
        0.4004004004004009
      -0.06087151399898606
        0.4004004004003996
        0.7014359074372349
        0.4004004004004008
         1.094634705670726
           0.4004004004004
        -2.045569701099491
        0.4004004004004012
       -0.4179482952649528
        0.4004004004004022
         1.084408054206756
           0.4004004004004
         1.600755486980521
        0.4004004004003993
        0.7658136547673912
        0.4004004004003997
         2.313054017930506
        0.4004004004004008
         3.317394431357538
        0.4004004004003994
       0.03891579735638698
        0.4004004004003994
        -2.538562539335087
        0.4004004004003994
         -3.14502891293008
        0.4004004004004001
       -0.9194374965939661
        0.4004004004004019
        -3.155500464852191
        0.4004004004004002
        -1.821943709705235
        0.4004004004003998
         -1.09794271361225
        0.4004004004004001
         2.025448733091054
           0.4004004004004
         -2.45682715604472
        0.4004004004004002
        -1.409494436964031
        0.4004004004004002
        -1.551927502146602
        0.4004004004004014
         3.184441773403178
        0.4004004004004008
       -0.1220273431227225
        0.4004004004004006
         3.566562043277808
           0.4004004004004
         3.101649106135492
        0.4004004004003994
         5.991619075137966
        0.4004004004003997
        -1.117573652756761
           0.4004004004004
        0.6244218115325345
        0.4004004004004001
       -0.6590926246053379
        0.4004004004004008
         3.668871207838755
        0.4004004004004004
       -0.6321828200538661
        0.4004004004004003
         4.367613273114848
        0.4004004004004008
         4.362378602876342
        0.4004004004004001
         7.034763041659807
        0.4004004004004016
        0.6155667548527476
        0.4004004004004012
         3.818273706727987
        0.4004004004004009
         4.049847981337078
        0.4004004004004011
          7.09369152675052
           0.4004004004004
         3.164905838515835
        0.4004004004004009
         6.760052545748144
           0.4004004004004
         6.078897089938717
         0.400400400400401
         3.854499221286945
           0.4004004004004
        -3.299772907113552
        0.4004004004003999
        -2.874903514967169
        0.4004004004003999
        -2.058615538469804
        0.4004004004004002
        -2.876733159847372
           0.4004004004004
        -4.323888208835637
        0.4004004004004003
        -1.582570340782227
        0.4004004004004001
         1.142494638987341
        0.4004004004003995
        -3.306266723680712
           0.4004004004004
        -5.150820784561388
        0.4004004004003997
        -4.130663119318883
        0.4004004004004009
         1.568960336533677
           0.4004004004004
        -1.727080774223938
        0.4004004004004008
         1.306691826171982
        0.4004004004004001
          1.72518932832275
        0.4004004004004008
         5.789038541291728
         0.400400400400399
        -4.568134875940998
           0.4004004004004
        -3.900806159767447
        0.4004004004003986
        -5.688156105505538
           0.4004004004004
         2.023331427122963
        0.4004004004004009
        -4.878772066619827
        0.4004004004004005
         2.958797045539984
        0.4004004004004006
         2.993895616477497
        0.4004004004004026
         9.888569391942264
        0.4004004004003992
        -2.278978520665996
        0.4004004004004003
         3.820401015322089
        0.4004004004004012
         3.006973796826448
        0.4004004004004011
         12.17632398329718
        0.4004004004004017
         2.638467108470536
        0.4004004004004006
         11.48958500720452
           0.4004004004004
         8.188057928837509
        0.4004004004004006
          9.10440956079098
        0.4004004004003991
        -9.146006522412934
        0.4004004004003991
        -5.268716015227367
         0.400400400400401
        -7.071035871324575
        0.4004004004003996
        -2.109528942675478
         0.400400400400401
        -10.60330543103376
        0.4004004004004012
        0.3806525171818432
        0.4004004004004002
         2.664539624316119
           0.4004004004004
        0.7559910406934071
        0.4004004004004006
        -10.81803447532028
        0.4004004004003992
        -2.769660304188491
        0.4004004004004028
         6.382895206104267
        0.4004004004004011
         6.963467418753448
        0.4004004004003999
         6.307497904051569
        0.4004004004004006
         13.84686925954386
        0.4004004004003996
         19.69855807610656
        0.4004004004003998
        -3.132810071745618
        0.4004004004003994
        -13.42494843338927
        0.4004004004003983
        -15.18841146057745
        0.4004004004004068
         4.484335987196912
        0.4004004004004046
        -13.73239359463529
        0.4004004004003968
         4.578810796838603
        0.4004004004003996
            9.726300633523
        0.4004004004003979
         36.70023476736617
        0.4004004004003997
        -24.02351537954062
        0.4004004004004014
        -9.103122479332413
        0.4004004004003964
        -17.48620692463125
        0.4004004004003981
         54.20566017777038
        0.4004004004004011
        -50.29261895771433
        0.4004004004003954
         43.50743301124226
        0.4004004004004014
        -54.06610292575628
        0.4004004004003968
        -24.58681255628895
