                         0
                      -100
                       100
        -70.71067811865474
         70.71067811865476
        -38.26834323650898
         38.26834323650898
        -92.38795325112868
         92.38795325112868
        -19.50903220161282
         19.50903220161283
        -55.55702330196019
         55.55702330196023
        -83.14696123025453
         83.14696123025452
        -98.07852804032305
         98.07852804032305
        -9.801714032956065
         9.801714032956077
        -29.02846772544622
         29.02846772544623
        -47.13967368259977
         47.13967368259978
        -63.43932841636454
         63.43932841636455
         -77.3010453362737
          77.3010453362737
         -88.1921264348355
          88.1921264348355
        -95.69403357322088
         95.69403357322088
        -99.51847266721968
          99.5184726672197
        -4.906767432741801
         4.906767432741812
        -14.67304744553616
         14.67304744553618
        -24.29801799032639
          24.2980179903264
        -33.68898533922199
         33.68898533922201
        -42.75550934302819
         42.75550934302822
        -51.41027441932216
         51.41027441932216
        -59.56993044924334
         59.56993044924334
        -67.15589548470184
         67.15589548470183
        -74.09511253549589
         74.09511253549591
        -80.32075314806448
          80.3207531480645
        -85.77286100002721
         85.77286100002721
        -90.39892931234434
         90.39892931234434
        -94.15440651830207
         94.15440651830208
         -97.0031253194544
          97.0031253194544
         -98.9176509964781
          98.9176509964781
        -99.87954562051723
         99.87954562051723
        -2.454122852291214
         2.454122852291226
        -7.356456359966733
         7.356456359966746
        -12.24106751992162
         12.24106751992163
        -17.09618887603012
         17.09618887603014
        -21.91012401568696
         21.91012401568698
        -26.67127574748983
         26.67127574748984
        -31.36817403988914
         31.36817403988916
        -35.98950365349882
         35.98950365349883
        -40.52413140049897
         40.52413140049899
        -44.96113296546067
         44.96113296546066
         -49.2898192229784
         49.28981922297841
        -53.49976198870971
         53.49976198870973
        -57.58081914178453
         57.58081914178453
        -61.52315905806267
         61.52315905806268
        -65.31728429537765
         65.31728429537768
        -68.95405447370669
         68.95405447370669
        -72.42470829514667
          72.4247082951467
        -75.72088465064846
         75.72088465064846
        -78.83464276266062
         78.83464276266064
        -81.75848131515836
         81.75848131515838
        -84.48535652497071
         84.48535652497071
        -87.00869911087113
         87.00869911087115
        -89.32243011955153
         89.32243011955153
        -91.42097557035306
         91.42097557035306
        -93.29927988347389
          93.2992798834739
        -94.95281805930367
         94.95281805930367
        -96.37760657954398
         96.37760657954398
        -97.57021300385284
         97.57021300385286
        -98.52776423889412
         98.52776423889412
          -99.247953459871
           99.247953459871
        -99.72904566786902
         99.72904566786902
        -99.96988186962042
         99.96988186962042
        -1.227153828571982
         1.227153828571995
        -3.680722294135887
         3.680722294135899
        -6.132073630220853
         6.132073630220865
        -8.579731234443976
         8.579731234443988
        -11.02222072938831
         11.02222072938832
        -13.45807085071261
         13.45807085071262
        -15.88581433338613
         15.88581433338614
        -18.30398879551409
          18.3039887955141
        -20.71113761922184
         20.71113761922186
        -23.10581082806711
         23.10581082806713
        -25.48656596045145
         25.48656596045146
        -27.85196893850529
          27.8519689385053
        -30.20059493192281
         30.20059493192282
        -32.53102921622629
          32.5310292162263
        -34.84186802494344
         34.84186802494345
        -37.13171939518375
         37.13171939518376
         -39.3992040061048
         39.39920400610481
         -41.6429560097637
         41.64295600976373
        -43.86162385385274
         43.86162385385277
        -46.05387109582401
           46.053871095824
        -48.21837720791227
         48.21837720791228
        -50.35383837257174
         50.35383837257176
        -52.45896826784687
         52.45896826784688
        -54.53249884220462
         54.53249884220465
        -56.57318107836132
         56.57318107836132
        -58.57978574564389
         58.57978574564389
        -60.55110414043254
         60.55110414043256
        -62.48594881423863
         62.48594881423865
        -64.38315428897913
         64.38315428897916
        -66.24157775901719
         66.24157775901718
         -68.0600997795453
         68.06009977954531
        -69.83762494089729
         69.83762494089729
        -71.57308252838186
         71.57308252838186
        -73.26542716724127
         73.26542716724128
        -74.91363945234592
         74.91363945234593
        -76.51672656224589
         76.51672656224589
        -78.07372285720945
         78.07372285720945
        -79.58369046088835
         79.58369046088836
        -81.04571982525947
         81.04571982525948
        -82.45893027850251
         82.45893027850254
         -83.8224705554838
          83.8224705554838
        -85.13551931052652
         85.13551931052652
        -86.39728561215867
         86.39728561215868
        -87.60700941954065
         87.60700941954066
        -88.76396204028538
         88.76396204028539
         -89.8674465693954
         89.86744656939538
        -90.91679830905224
         90.91679830905224
        -91.91138516900578
         91.91138516900578
        -92.85060804732154
         92.85060804732156
        -93.73390119125749
          93.7339011912575
        -94.56073253805212
         94.56073253805212
        -95.33060403541938
         95.33060403541938
        -96.04305194155658
         96.04305194155658
        -96.69764710448521
         96.69764710448521
        -97.29399522055601
         97.29399522055601
        -97.83173707196275
         97.83173707196276
        -98.31054874312163
         98.31054874312163
        -98.73014181578584
         98.73014181578584
          -99.090263542778
           99.090263542778
         -99.3906970002356
          99.3906970002356
         -99.6312612182778
          99.6312612182778
        -99.81181129001492
         99.81181129001492
        -99.93223845883496
         99.93223845883496
        -99.99247018391445
         99.99247018391445
       -0.6135884649154393
        0.6135884649154515
         -1.84067299058047
         1.840672990580482
        -3.067480317663646
         3.067480317663658
        -4.293825693494083
         4.293825693494096
        -5.519524434968991
         5.519524434969004
        -6.744391956366398
          6.74439195636641
        -7.968243797143002
         7.968243797143012
        -9.190895649713257
         9.190895649713269
        -10.41216338720546
         10.41216338720547
        -11.63186309119047
         11.63186309119049
        -12.84981107937931
         12.84981107937932
        -14.06582393328491
         14.06582393328492
        -15.27971852584433
         15.27971852584434
          -16.491312048997
         16.49131204899701
        -17.70042204121487
         17.70042204121489
        -18.90686641498062
         18.90686641498063
        -20.11046348420918
         20.11046348420919
        -21.31103199160912
         21.31103199160914
        -22.50839113597927
         22.50839113597928
        -23.70236059943672
         23.70236059943673
        -24.89276057457201
         24.89276057457203
        -26.07941179152754
         26.07941179152756
        -27.26213554499489
          27.2621355449949
        -28.44075372112717
         28.44075372112718
        -29.61508882436238
          29.6150888243624
        -30.78496400415349
          30.7849640041535
        -31.95020308160156
         31.95020308160158
        -33.11063057598763
         33.11063057598764
        -34.26607173119942
         34.26607173119944
        -35.41635254204904
         35.41635254204905
        -36.56129978047738
          36.5612997804774
        -37.70074102164182
         37.70074102164183
        -38.83450466988262
         38.83450466988263
        -39.96241998456467
         39.96241998456468
        -41.08431710579038
         41.08431710579039
        -42.20002707997997
         42.20002707997998
        -43.30938188531519
          43.3093818853152
        -44.41221445704291
         44.41221445704293
        -45.50835871263438
         45.50835871263438
         -46.5976495767966
         46.59764957679661
        -47.67992300633219
         47.67992300633222
        -48.75501601484357
          48.7550160148436
        -49.82276669727816
         49.82276669727818
        -50.88301425431071
          50.8830142543107
        -51.93559901655897
         51.93559901655895
        -52.98036246862947
         52.98036246862948
        -54.01714727298928
          54.0171472729893
        -55.04579729366047
         55.04579729366048
        -56.06615761973359
          56.0661576197336
        -57.07807458869672
         57.07807458869674
        -58.08139580957644
         58.08139580957645
        -59.07597018588741
         59.07597018588743
        -60.06164793838688
          60.0616479383869
        -61.03828062763096
         61.03828062763095
        -62.00572117632892
         62.00572117632892
        -62.96382389149271
         62.96382389149271
        -63.91244448637757
         63.91244448637757
        -64.85144010221124
         64.85144010221126
        -65.78066932970786
         65.78066932970786
        -66.69999223036373
         66.69999223036375
        -67.60927035753159
          67.6092703575316
        -68.50836677727003
         68.50836677727004
        -69.39714608896537
          69.3971460889654
        -70.27547444572251
         70.27547444572252
        -71.14321957452165
         71.14321957452164
        -72.00025079613816
         72.00025079613816
        -72.84643904482252
         72.84643904482252
        -73.68165688773699
         73.68165688773699
        -74.50577854414659
         74.50577854414661
        -75.31867990436125
         75.31867990436125
        -76.12023854842617
         76.12023854842617
        -76.91033376455795
         76.91033376455798
        -77.68884656732324
         77.68884656732324
         -78.4556597155575
         78.45565971555753
        -79.21065773002121
         79.21065773002124
        -79.95372691079051
         79.95372691079051
        -80.68475535437993
         80.68475535437993
        -81.40363297059484
         81.40363297059484
        -82.11025149911046
         82.11025149911046
        -82.80450452577557
         82.80450452577558
        -83.48628749863801
         83.48628749863801
        -84.15549774368984
         84.15549774368985
        -84.81203448032971
         84.81203448032973
        -85.45579883654004
         85.45579883654005
         -86.0866938637767
         86.08669386377673
        -86.70462455156928
         86.70462455156927
        -87.30949784182901
         87.30949784182901
        -87.90122264286336
         87.90122264286336
        -88.47970984309377
         88.47970984309377
        -89.04487232447579
         89.04487232447579
        -89.59662497561851
         89.59662497561852
        -90.13488470460219
          90.1348847046022
        -90.65957045149153
         90.65957045149153
        -91.17060320054297
         91.17060320054298
        -91.66790599210427
         91.66790599210427
        -92.15140393420418
          92.1514039342042
        -92.62102421383113
         92.62102421383113
        -93.07669610789837
         93.07669610789837
        -93.51835099389476
         93.51835099389476
        -93.94592236021899
         93.94592236021899
        -94.35934581619604
         94.35934581619604
        -94.75855910177411
         94.75855910177411
        -95.14350209690083
         95.14350209690083
        -95.51411683057707
         95.51411683057708
        -95.87034748958715
         95.87034748958716
        -96.21214042690414
         96.21214042690416
        -96.53944416976893
         96.53944416976894
        -96.85220942744174
         96.85220942744174
        -97.15038909862518
         97.15038909862518
        -97.43393827855759
         97.43393827855759
        -97.70281426577544
         97.70281426577544
        -97.95697656854405
         97.95697656854405
        -98.19638691095552
         98.19638691095552
         -98.4210092386929
          98.4210092386929
        -98.63080972445985
         98.63080972445987
        -98.82575677307494
         98.82575677307494
         -99.0058210262297
         99.00582102622971
        -99.17097536690996
         99.17097536690996
        -99.32119492347945
         99.32119492347945
        -99.45645707342554
         99.45645707342554
        -99.57674144676598
         99.57674144676598
        -99.68202992911657
         99.68202992911657
        -99.77230666441916
         99.77230666441916
        -99.84755805732948
         99.84755805732948
        -99.90777277526453
         99.90777277526453
        -99.95294175010932
         99.95294175010932
        -99.98305817958234
         99.98305817958234
        -99.99811752826011
         99.99811752826011
       -0.3067956762966015
        0.3067956762966138
       -0.9203754782059836
         0.920375478205996
         -1.53392062849881
         1.533920628498822
        -2.147408027546948
         2.147408027546961
         -2.76081457789657
         2.760814577896582
        -3.374117185137752
         3.374117185137764
        -3.987292758773973
         3.987292758773985
        -4.600318213091452
         4.600318213091464
        -5.213170468028319
         5.213170468028332
        -5.825826450043561
         5.825826450043573
        -6.438263092985729
         6.438263092985741
        -7.050457338961389
         7.050457338961401
        -7.662386139203151
         7.662386139203162
        -8.274026454937568
          8.27402645493758
        -8.885355258252456
         8.885355258252469
        -9.496349532963896
         9.496349532963906
        -10.10698627548278
         10.10698627548279
        -10.71724249568088
         10.71724249568089
        -11.32709521775642
         11.32709521775644
        -11.93652148109912
         11.93652148109913
        -12.54549834115461
         12.54549834115462
        -13.15400287028831
         13.15400287028833
        -13.76201215864861
         13.76201215864862
        -14.36950331502944
         14.36950331502946
        -14.97645346773215
         14.97645346773216
        -15.58283976542652
         15.58283976542653
        -16.18863937801118
         16.18863937801119
        -16.79382949747311
         16.79382949747312
        -17.39838733874637
         17.39838733874639
        -18.00229014056994
         18.00229014056995
        -18.60551516634465
         18.60551516634466
        -19.20803970498923
         19.20803970498924
        -19.80984107179536
         19.80984107179537
        -20.41089660928169
          20.4108966092817
        -21.01118368804696
         21.01118368804697
        -21.61067970762195
         21.61067970762196
        -22.20936209732035
         22.20936209732036
        -22.80720831708857
         22.80720831708858
        -23.40419585835433
         23.40419585835435
        -24.00030224487414
         24.00030224487415
        -24.59550503357945
         24.59550503357946
        -25.18978181542168
         25.18978181542169
        -25.78311021621588
         25.78311021621589
        -26.37546789748314
         26.37546789748315
        -26.96683255729151
         26.96683255729152
        -27.55718193109582
         27.55718193109583
        -28.14649379257579
          28.1464937925758
        -28.73474595447295
         28.73474595447296
        -29.32191626942586
         29.32191626942587
        -29.90798263080404
         29.90798263080405
        -30.49292297354022
         30.49292297354024
        -31.07671527496113
         31.07671527496115
        -31.65933755561657
         31.65933755561658
        -32.24076788010699
           32.240767880107
        -32.82098435790925
         32.82098435790927
        -33.39996514420094
         33.39996514420095
        -33.97768844068268
          33.9776884406827
        -34.55413249639891
         34.55413249639891
         -35.1292756085567
         35.12927560855672
        -35.70309612334299
           35.703096123343
        -36.27557243673971
         36.27557243673972
        -36.84668299533722
         36.84668299533723
        -37.41640629714579
          37.4164062971458
         -37.9847208924051
         37.98472089240511
        -38.55160538439189
          38.5516053843919
        -39.11703843022539
          39.1170384302254
        -39.68099874167103
         39.68099874167104
        -40.24346508594184
         40.24346508594186
        -40.80441628649786
         40.80441628649788
        -41.36383122384345
         41.36383122384346
        -41.92168883632241
          41.9216888363224
        -42.47796812091087
         42.47796812091088
        -43.03264813400827
         43.03264813400826
        -43.58570799222554
         43.58570799222555
        -44.13712687317167
         44.13712687317166
         -44.6868840162374
         44.68688401623744
        -45.23495872337709
          45.2349587233771
         -45.7813303598877
         45.78133035988773
        -46.32597835518602
         46.32597835518602
        -46.86888220358277
         46.86888220358279
        -47.41002146505499
           47.410021465055
        -47.94937576601532
          47.9493757660153
         -48.4869248000791
         48.48692480007911
        -49.02264832882912
         49.02264832882911
        -49.55652618257724
         49.55652618257725
        -50.08853826112409
         50.08853826112409
        -50.61866453451551
         50.61866453451555
        -51.14688504379704
         51.14688504379706
        -51.67317990176497
           51.673179901765
        -52.19752929371543
         52.19752929371544
        -52.71991347819011
         52.71991347819014
        -53.24031278771979
          53.2403127877198
        -53.75870762956456
         53.75870762956455
        -54.27507848645158
          54.2750784864516
        -54.78940591731002
         54.78940591731002
        -55.30167055800273
         55.30167055800275
        -55.81185312205561
         55.81185312205561
         -56.3199344013834
         56.31993440138341
        -56.82589526701315
         56.82589526701315
         -57.3297166698042
         57.32971666980423
        -57.83137964116555
         57.83137964116556
        -58.33086529376984
         58.33086529376983
        -58.82815482226452
         58.82815482226454
        -59.32322950397999
         59.32322950397998
        -59.81607069963422
         59.81607069963424
        -60.30665985403483
         60.30665985403483
        -60.79497849677735
         60.79497849677738
        -61.28100824294097
         61.28100824294097
        -61.76473079378037
          61.7647307937804
          -62.246127937415
         62.24612793741501
        -62.72518154951439
         62.72518154951442
        -63.20187359398089
         63.20187359398091
        -63.67618612362843
         63.67618612362842
         -64.1481012808583
         64.14810128085831
        -64.61760129833164
         64.61760129833164
        -65.08466849963807
          65.0846684996381
        -65.54928529996154
         65.54928529996154
        -66.01143420674204
         66.01143420674205
        -66.47109782033449
         66.47109782033449
        -66.92825883466359
         66.92825883466359
         -67.3829000378756
         67.38290003787561
        -67.83500431298613
         67.83500431298616
         -68.2845546385248
         68.28455463852481
        -68.73153408917591
         68.73153408917591
        -69.17592583641576
         69.17592583641577
         -69.6177131491463
          69.6177131491463
        -70.05687939432482
         70.05687939432484
        -70.49340803759048
          70.4934080375905
        -70.92728264388654
         70.92728264388657
        -71.35848687807936
         71.35848687807936
        -71.78700450557317
         71.78700450557317
        -72.21281939292152
         72.21281939292153
        -72.63591550843458
         72.63591550843461
        -73.05627692278274
         73.05627692278276
        -73.47388780959635
         73.47388780959635
         -73.8887324460615
         73.88873244606151
        -74.30079521351217
         74.30079521351217
          -74.710060598018
         74.71006059801802
        -75.11651319096865
         75.11651319096865
        -75.52013768965364
         75.52013768965365
         -75.9209188978388
          75.9209188978388
        -76.31884172633811
         76.31884172633812
        -76.71389119358203
         76.71389119358204
        -77.10605242618136
         77.10605242618138
        -77.49531065948739
         77.49531065948739
         -77.8816512381476
          77.8816512381476
        -78.26505961665757
         78.26505961665757
        -78.64552135990857
         78.64552135990857
          -79.023022143731
           79.023022143731
        -79.39754775543372
         79.39754775543372
        -79.76908409433909
         79.76908409433912
        -80.13761717231402
         80.13761717231402
        -80.50313311429635
         80.50313311429636
         -80.8656181588175
          80.8656181588175
        -81.22505865852038
         81.22505865852038
        -81.58144108067337
         81.58144108067337
        -81.93475200767971
         81.93475200767969
        -82.28497813758263
         82.28497813758264
        -82.63210628456635
         82.63210628456635
        -82.97612337945229
          82.9761233794523
        -83.31701647019132
         83.31701647019132
        -83.65477272235118
          83.6547727223512
        -83.98937941959996
         83.98937941959996
        -84.32082396418453
         84.32082396418454
        -84.64909387740521
         84.64909387740521
        -84.97417680008526
         84.97417680008526
        -85.29606049303636
         85.29606049303636
        -85.61473283751944
         85.61473283751944
        -85.93018183570084
         85.93018183570085
        -86.24239561110404
         86.24239561110406
        -86.55136240905689
         86.55136240905691
        -86.85707059713408
         86.85707059713408
        -87.15950866559508
          87.1595086655951
         -87.4586652278176
          87.4586652278176
        -87.75452902072611
         87.75452902072614
        -88.04708890521607
         88.04708890521607
        -88.33633386657317
         88.33633386657316
        -88.62225301488806
         88.62225301488806
        -88.90483558546646
         88.90483558546646
        -89.18407093923426
         89.18407093923427
        -89.45994856313827
         89.45994856313827
        -89.73245807054182
         89.73245807054184
        -90.00158920161601
         90.00158920161603
        -90.26733182372587
         90.26733182372588
        -90.52967593181187
         90.52967593181188
         -90.7886116487666
         90.78861164876663
        -91.04412922580671
         91.04412922580673
        -91.29621904283982
         91.29621904283982
        -91.54487160882677
         91.54487160882678
        -91.79007756213905
         91.79007756213905
        -92.03182767091104
         92.03182767091106
        -92.27011283338786
         92.27011283338786
        -92.50492407826775
         92.50492407826776
        -92.73625256504012
         92.73625256504012
        -92.96408958431812
         92.96408958431813
        -93.18842655816681
         93.18842655816681
        -93.40925504042588
          93.4092550404259
        -93.62656671702783
         93.62656671702783
        -93.84035340631081
         93.84035340631081
        -94.05060705932684
         94.05060705932684
        -94.25731976014468
         94.25731976014468
        -94.46048372614801
         94.46048372614803
        -94.66009130832835
         94.66009130832835
        -94.85613499157303
         94.85613499157303
        -95.04860739494816
         95.04860739494816
        -95.23750127197658
         95.23750127197658
        -95.42280951091055
         95.42280951091057
        -95.60452513499963
         95.60452513499965
        -95.78264130275329
         95.78264130275329
        -95.95715130819845
         95.95715130819845
        -96.12804858113206
         96.12804858113206
        -96.29532668736839
         96.29532668736839
        -96.45897932898126
         96.45897932898127
        -96.61900034454125
         96.61900034454125
        -96.77538370934754
         96.77538370934755
        -96.92812353565485
         96.92812353565485
        -97.07721407289502
         97.07721407289503
        -97.22264970789362
         97.22264970789362
        -97.36442496508118
          97.3644249650812
        -97.50253450669942
         97.50253450669942
        -97.63697313300212
         97.63697313300212
          -97.767735782451
           97.767735782451
        -97.89481753190621
         97.89481753190621
        -98.01821359681173
         98.01821359681175
        -98.13791933137546
         98.13791933137546
        -98.25393022874412
         98.25393022874412
        -98.36624192117303
         98.36624192117303
        -98.47485018019042
         98.47485018019042
        -98.57975091675674
         98.57975091675675
        -98.68094018141855
         98.68094018141855
        -98.77841416445722
         98.77841416445722
        -98.87216919603237
         98.87216919603237
        -98.96220174632008
         98.96220174632009
        -99.04850842564571
         99.04850842564571
        -99.13108598461154
         99.13108598461154
        -99.20993131421918
         99.20993131421918
        -99.28504144598651
         99.28504144598651
        -99.35641355205954
         99.35641355205954
        -99.42404494531878
         99.42404494531878
        -99.48793307948056
         99.48793307948056
        -99.54807554919269
         99.54807554919269
        -99.60447009012519
         99.60447009012519
        -99.65711457905549
         99.65711457905549
         -99.7060070339483
          99.7060070339483
        -99.75114561403035
         99.75114561403035
         -99.7925286198596
          99.7925286198596
        -99.83015449338929
         99.83015449338929
        -99.86402181802652
         99.86402181802653
        -99.89412931868569
         99.89412931868569
        -99.92047586183639
         99.92047586183639
        -99.94306045554617
         99.94306045554617
        -99.96188224951787
         99.96188224951787
        -99.97694053512153
         99.97694053512153
        -99.98823474542125
         99.98823474542125
        -99.99576445519639
         99.99576445519639
        -99.99952938095763
         99.99952938095763
       -0.1533980186284644
        0.1533980186284766
        -0.460192612044855
        0.4601926120448672
       -0.7669828739530955
        0.7669828739531077
        -1.073765916726445
         1.073765916726457
        -1.380538852806023
         1.380538852806035
        -1.687298794728165
         1.687298794728177
        -1.994042855151448
          1.99404285515146
        -2.300768146883929
         2.300768146883941
        -2.607471782910392
         2.607471782910404
        -2.914150876419362
         2.914150876419374
        -3.220802540830458
         3.220802540830471
        -3.527423889821382
         3.527423889821395
        -3.834012037355267
         3.834012037355279
        -4.140564097707659
         4.140564097707671
        -4.447077185493862
         4.447077185493875
        -4.753548415695914
         4.753548415695926
        -5.059974903689922
         5.059974903689934
        -5.366353765273056
         5.366353765273068
        -5.672682116690765
         5.672682116690778
        -5.978957074663988
         5.978957074664001
        -6.285175756416131
         6.285175756416142
         -6.59133527970038
         6.591335279700393
        -6.897432762826661
         6.897432762826673
         -7.20346532468893
         7.203465324688942
        -7.509430084792116
         7.509430084792129
        -7.815324163279419
         7.815324163279431
        -8.121144680959226
         8.121144680959238
          -8.4268887593324
         8.426888759332412
        -8.732553520619209
         8.732553520619222
        -9.038136087786489
         9.038136087786501
        -9.343633584574778
         9.343633584574791
        -9.649043135525249
         9.649043135525261
        -9.954361866006932
         9.954361866006945
        -10.25958690224362
         10.25958690224363
        -10.56471537134106
         10.56471537134107
        -10.86974440131386
         10.86974440131387
        -11.17467112111265
         11.17467112111266
        -11.47949266065101
         11.47949266065103
        -11.78420615083249
          11.7842061508325
        -12.08880872357771
         12.08880872357772
        -12.39329751185121
         12.39329751185122
        -12.69766964968859
          12.6976696496886
        -13.00192227222332
         13.00192227222333
         -13.3060525157139
         13.30605251571392
        -13.61005751757061
         13.61005751757062
        -13.91393441638262
         13.91393441638263
        -14.21768035194479
          14.2176803519448
        -14.52129246528474
         14.52129246528475
        -14.82476789868961
         14.82476789868962
        -15.12810379573301
         15.12810379573303
        -15.43129730130201
         15.43129730130202
        -15.73434556162382
         15.73434556162383
        -16.03724572429283
         16.03724572429284
        -16.33999493829731
         16.33999493829732
        -16.64259035404641
         16.64259035404642
        -16.94502912339678
         16.94502912339679
        -17.24730839967959
          17.2473083996796
        -17.54942533772713
         17.54942533772714
        -17.85137709389975
         17.85137709389976
         -18.1531608261125
         18.15316082611251
        -18.45477369386195
         18.45477369386196
        -18.75621285825296
         18.75621285825297
        -19.05747548202526
         19.05747548202528
        -19.35855872958036
         19.35855872958037
        -19.65945976700801
         19.65945976700802
         -19.9601757621131
         19.96017576211311
         -20.2607038844421
         20.26070388444211
        -20.56104130530992
         20.56104130530993
        -20.86118519782633
         20.86118519782634
        -21.16113273692275
         21.16113273692276
        -21.46088109937868
         21.46088109937869
        -21.76042746384836
         21.76042746384837
        -22.05976901088735
         22.05976901088736
        -22.35890292297899
           22.358902922979
          -22.657826384561
         22.65782638456101
        -22.95653658205187
         22.95653658205189
        -23.25503070387752
         23.25503070387753
        -23.55330594049753
         23.55330594049754
        -23.85135948443184
         23.85135948443185
        -24.14918853028692
         24.14918853028693
        -24.44679027478241
         24.44679027478242
        -24.74416191677733
         24.74416191677734
        -25.04130065729652
         25.04130065729653
        -25.33820369955702
         25.33820369955703
        -25.63486824899428
         25.63486824899429
        -25.93129151328862
         25.93129151328863
        -26.22747070239135
         26.22747070239136
        -26.52340302855118
         26.52340302855119
         -26.8190857063403
         26.81908570634032
         -27.1145159526808
         27.11451595268081
        -27.40969098687062
         27.40969098687063
        -27.70460803060998
            27.70460803061
        -27.99926430802733
         27.99926430802734
        -28.29365704570553
         28.29365704570554
        -28.58778347270806
         28.58778347270807
        -28.88164082060494
         28.88164082060495
        -29.17522632349893
         29.17522632349894
        -29.46853721805142
         29.46853721805143
        -29.76157074350862
         29.76157074350863
        -30.05432414172733
         30.05432414172734
        -30.34679465720113
         30.34679465720114
         -30.6389795370861
         30.63897953708611
        -30.93087603122686
         30.93087603122688
        -31.22248139218249
         31.22248139218251
        -31.51379287525223
         31.51379287525224
        -31.80480773850149
         31.80480773850151
        -32.09552324278751
         32.09552324278752
        -32.38593665178529
         32.38593665178529
        -32.67604523201316
         32.67604523201318
        -32.96584625285875
         32.96584625285875
        -33.25533698660441
         33.25533698660442
        -33.54451470845316
         33.54451470845316
        -33.83337669655412
         33.83337669655413
        -34.12192023202823
         34.12192023202824
        -34.41014259899389
          34.4101425989939
        -34.69804108459235
         34.69804108459237
        -34.98561297901349
          34.9856129790135
        -35.27285557552106
         35.27285557552107
        -35.55976617047838
          35.5597661704784
        -35.84634206337364
         35.84634206337365
        -36.13258055684543
         36.13258055684543
        -36.41847895670797
         36.41847895670799
        -36.70403457197671
         36.70403457197672
        -36.98924471489342
         36.98924471489342
        -37.27410670095157
         37.27410670095158
        -37.55861784892172
         37.55861784892173
        -37.84277548087655
         37.84277548087656
        -38.12657692221624
         38.12657692221625
        -38.41001950169349
          38.4100195016935
        -38.69310055143886
         38.69310055143887
        -38.97581740698563
         38.97581740698564
        -39.25816740729514
         39.25816740729515
        -39.54014789478162
         39.54014789478163
        -39.82175621533735
         39.82175621533736
        -40.10298971835757
         40.10298971835758
         -40.3838457567654
         40.38384575676541
         -40.6643216870369
         40.66432168703692
        -40.94441486922575
         40.94441486922576
        -41.22412266698829
          41.2241226669883
        -41.50344244760815
         41.50344244760817
        -41.78237158202123
         41.78237158202124
        -42.06090744484024
         42.06090744484025
        -42.33904741437958
         42.33904741437961
        -42.61678887267997
         42.61678887267996
        -42.89412920553294
         42.89412920553296
        -43.17106580250571
         43.17106580250574
        -43.44759605696558
         43.44759605696557
        -43.72371736610441
         43.72371736610442
        -43.99942713096331
         43.99942713096333
        -44.27472275645698
         44.27472275645702
        -44.54960165139818
         44.54960165139818
        -44.82406122852199
           44.824061228522
        -45.09809890451037
         45.09809890451038
        -45.37171210001636
          45.3717121000164
        -45.64489823968839
         45.64489823968839
         -45.9176547521944
         45.91765475219442
        -46.18997907024626
         46.18997907024628
        -46.46186863062379
         46.46186863062378
        -46.73332087419884
         46.73332087419885
        -47.00433324595955
         47.00433324595956
        -47.27490319503426
         47.27490319503429
         -47.5450281747156
         47.54502817471559
         -47.8147056424843
         47.81470564248431
        -48.08393306003338
         48.08393306003339
        -48.35270789329185
         48.35270789329187
        -48.62102761244864
         48.62102761244865
        -48.88888969197631
         48.88888969197632
        -49.15629161065497
           49.156291610655
        -49.42323085159598
         49.42323085159597
        -49.68970490226545
         49.68970490226546
        -49.95571125450818
         49.95571125450819
        -50.22124740457106
         50.22124740457109
        -50.48631085312676
         50.48631085312675
        -50.75089910529707
         50.75089910529709
        -51.01500967067666
         51.01500967067667
        -51.27864006335627
         51.27864006335631
        -51.54178780194631
         51.54178780194631
        -51.80445040959992
         51.80445040959994
        -52.06662541403669
         52.06662541403673
        -52.32831034756565
         52.32831034756564
        -52.58950274710846
         52.58950274710848
        -52.85020015422284
         52.85020015422285
        -53.11040011512548
          53.1104001151255
         -53.3701001807153
          53.3701001807153
        -53.62929790659631
         53.62929790659632
        -53.88799085310083
         53.88799085310085
        -54.14617658531233
         54.14617658531235
        -54.40385267308839
         54.40385267308839
        -54.66101669108349
         54.66101669108349
        -54.91766621877196
         54.91766621877198
        -55.17379884047075
         55.17379884047075
        -55.42941214536201
         55.42941214536201
          -55.684503727516
         55.68450372751601
        -55.93907118591358
         55.93907118591361
        -56.19311212446895
         56.19311212446895
        -56.44662415205194
         56.44662415205195
        -56.69960488251085
         56.69960488251087
        -56.95205193469472
         56.95205193469472
         -57.2039629324757
          57.2039629324757
        -57.45533550477158
         57.45533550477158
        -57.70616728556794
         57.70616728556796
        -57.95645591394059
         57.95645591394057
        -58.20619903407756
         58.20619903407756
        -58.45539429530152
         58.45539429530153
        -58.70403935209178
         58.70403935209181
        -58.95213186410639
         58.95213186410639
        -59.19966949620409
          59.1996694962041
        -59.44664991846643
         59.44664991846646
        -59.69307080621966
         59.69307080621965
        -59.93892984005645
         59.93892984005645
        -60.18422470585799
           60.184224705858
        -60.42895309481558
          60.4289530948156
        -60.67311270345246
         60.67311270345245
        -60.91670123364532
         60.91670123364532
        -61.15971639264618
          61.1597163926462
        -61.40215589310382
         61.40215589310385
        -61.64401745308537
         61.64401745308537
        -61.88529879609762
         61.88529879609763
        -62.12599765110875
         62.12599765110877
        -62.36611175256947
         62.36611175256947
        -62.60563884043435
         62.60563884043435
        -62.84457666018326
         62.84457666018327
        -63.08292296284244
         63.08292296284245
        -63.32067550500573
         63.32067550500572
        -63.55783204885561
         63.55783204885562
        -63.79439036218439
         63.79439036218442
        -64.03034821841514
         64.03034821841517
        -64.26570339662268
         64.26570339662268
        -64.50045368155439
          64.5004536815544
        -64.73459686365119
         64.73459686365121
        -64.96813073906833
         64.96813073906831
        -65.20105310969595
         65.20105310969595
        -65.43336178318005
         65.43336178318006
        -65.66505457294288
         65.66505457294291
        -65.89612929820375
         65.89612929820373
        -66.12658378399921
         66.12658378399922
        -66.35641586120397
         66.35641586120398
        -66.58562336655095
         66.58562336655098
        -66.81420414265186
         66.81420414265186
        -67.04215603801731
         67.04215603801731
        -67.26947690707728
         67.26947690707729
        -67.49616461020122
         67.49616461020121
        -67.72221701371805
         67.72221701371805
         -67.9476319899365
         67.94763198993651
        -68.17240741716496
         68.17240741716498
        -68.39654117973156
         68.39654117973156
        -68.62003116800386
         68.62003116800388
        -68.84287527840904
         68.84287527840905
        -69.06507141345344
         69.06507141345347
        -69.28661748174247
         69.28661748174247
        -69.50751139800008
         69.50751139800009
        -69.72775108308863
         69.72775108308866
        -69.94733446402839
         69.94733446402837
        -70.16625947401684
         70.16625947401685
        -70.38452405244848
          70.3845240524485
        -70.60212614493396
         70.60212614493398
        -70.81906370331954
         70.81906370331954
        -71.03533468570623
         71.03533468570625
        -71.25093705646923
         71.25093705646923
        -71.46586878627689
         71.46586878627691
        -71.68012785210995
         71.68012785210995
        -71.89371223728044
         71.89371223728045
        -72.10661993145079
         72.10661993145081
        -72.31884893065275
         72.31884893065275
        -72.53039723730608
         72.53039723730608
        -72.74126286023757
         72.74126286023758
        -72.95144381469967
          72.9514438146997
        -73.16093812238927
         73.16093812238927
        -73.36974381146602
         73.36974381146604
        -73.57785891657133
         73.57785891657136
        -73.78528147884657
          73.7852814788466
        -73.99200954595162
         73.99200954595162
        -74.19804117208309
         74.19804117208311
        -74.40337441799291
         74.40337441799294
        -74.60800735100639
         74.60800735100638
        -74.81193804504036
         74.81193804504036
         -75.0151645806215
          75.0151645806215
        -75.21768504490424
         75.21768504490429
        -75.41949753168892
         75.41949753168892
        -75.62060014143944
         75.62060014143945
        -75.82099098130152
         75.82099098130153
        -76.02066816512021
         76.02066816512024
        -76.21962981345789
         76.21962981345789
        -76.41787405361167
         76.41787405361167
        -76.61539901963127
          76.6153990196313
        -76.81220285233654
         76.81220285233654
        -77.00828369933478
         77.00828369933478
        -77.20363971503843
         77.20363971503845
        -77.39826906068227
          77.3982690606823
        -77.59216990434076
         77.59216990434076
         -77.7853404209453
         77.78534042094532
        -77.97777879230144
         77.97777879230145
        -78.16948320710591
         78.16948320710594
        -78.36045186096382
         78.36045186096382
         -78.5506829564054
          78.5506829564054
        -78.74017470290312
         78.74017470290315
        -78.92892531688858
         78.92892531688857
        -79.11693302176901
         79.11693302176901
        -79.30419604794436
         79.30419604794436
        -79.49071263282367
          79.4907126328237
        -79.67648102084188
         79.67648102084188
        -79.86149946347608
         79.86149946347608
        -80.04576621926228
         80.04576621926228
        -80.22927955381155
         80.22927955381157
        -80.41203773982657
         80.41203773982659
        -80.59403905711763
         80.59403905711763
        -80.77528179261903
         80.77528179261904
        -80.95576424040513
         80.95576424040513
        -81.13548470170637
         81.13548470170637
        -81.31444148492535
         81.31444148492535
        -81.49263290565264
         81.49263290565266
        -81.67005728668279
         81.67005728668279
        -81.84671295802987
         81.84671295802987
        -82.02259825694345
         82.02259825694347
        -82.19771152792413
         82.19771152792416
        -82.37205112273914
         82.37205112273914
        -82.54561540043774
         82.54561540043775
        -82.71840272736691
         82.71840272736691
         -82.8904114771865
         82.89041147718649
        -83.06164003088463
         83.06164003088463
        -83.23208677679295
         83.23208677679297
         -83.4017501106018
         83.40175011060181
        -83.57062843537526
         83.57062843537526
        -83.73872016156618
         83.73872016156619
        -83.90602370703127
         83.90602370703128
         -84.0725374970458
          84.0725374970458
        -84.23825996431859
         84.23825996431859
        -84.40318954900664
         84.40318954900664
        -84.56732469872989
         84.56732469872991
        -84.73066386858584
         84.73066386858584
        -84.89320552116396
         84.89320552116396
        -85.05494812656033
         85.05494812656035
        -85.21589016239196
         85.21589016239199
        -85.37603011381114
         85.37603011381114
        -85.53536647351959
          85.5353664735196
        -85.69389774178286
         85.69389774178288
        -85.85162242644428
         85.85162242644428
        -86.00853904293902
         86.00853904293902
        -86.16464611430813
         86.16464611430813
         -86.3199421712124
         86.31994217121242
        -86.47442575194624
         86.47442575194624
        -86.62809540245129
         86.62809540245129
        -86.78094967633032
         86.78094967633034
        -86.93298713486067
         86.93298713486068
        -87.08420634700789
         87.08420634700789
        -87.23460588943914
         87.23460588943915
        -87.38418434653667
         87.38418434653668
        -87.53294031041109
         87.53294031041109
        -87.68087238091456
         87.68087238091456
        -87.82797916565414
         87.82797916565416
        -87.97425928000473
         87.97425928000474
        -88.11971134712221
         88.11971134712221
        -88.26433399795629
         88.26433399795629
        -88.40812587126349
         88.40812587126349
        -88.55108561361999
         88.55108561361999
        -88.69321187943422
         88.69321187943422
        -88.83450333095962
         88.83450333095963
        -88.97495863830727
         88.97495863830727
        -89.11457647945834
         89.11457647945832
        -89.25335554027646
         89.25335554027646
        -89.39129451452031
         89.39129451452033
        -89.52839210385574
         89.52839210385577
        -89.66464701786802
         89.66464701786802
        -89.80005797407398
         89.80005797407399
        -89.93462369793414
         89.93462369793416
        -90.06834292286467
          90.0683429228647
        -90.20121439024932
         90.20121439024932
        -90.33323684945118
         90.33323684945118
        -90.46440905782461
         90.46440905782462
        -90.59472978072685
         90.59472978072685
        -90.72419779152958
         90.72419779152958
        -90.85281187163061
         90.85281187163061
        -90.98057081046521
         90.98057081046522
        -91.10747340551764
         91.10747340551764
        -91.23351846233227
         91.23351846233227
        -91.35870479452508
         91.35870479452508
         -91.4830312237946
         91.48303122379463
        -91.60649657993318
         91.60649657993318
        -91.72909970083779
         91.72909970083779
        -91.85083943252121
         91.85083943252123
        -91.97171462912273
         91.97171462912273
        -92.09172415291894
         92.09172415291896
        -92.21086687433451
         92.21086687433451
        -92.32914167195275
         92.32914167195277
        -92.44654743252626
         92.44654743252626
        -92.56308305098727
         92.56308305098727
        -92.67874743045817
         92.67874743045817
        -92.79353948226178
         92.79353948226179
        -92.90745812593157
         92.90745812593158
        -93.02050228922191
         93.02050228922191
        -93.13267090811803
         93.13267090811804
        -93.24396292684625
         93.24396292684624
        -93.35437729788362
         93.35437729788362
        -93.46391298196806
         93.46391298196808
        -93.57256894810803
         93.57256894810804
        -93.68034417359216
         93.68034417359216
        -93.78723764399898
         93.78723764399899
        -93.89324835320645
         93.89324835320646
        -93.99837530340139
          93.9983753034014
        -94.10261750508893
         94.10261750508893
        -94.20597397710173
         94.20597397710173
        -94.30844374660934
         94.30844374660936
        -94.41002584912727
         94.41002584912727
        -94.51071932852606
         94.51071932852606
        -94.61052323704034
         94.61052323704034
        -94.70943663527771
         94.70943663527773
        -94.80745859222762
         94.80745859222762
        -94.90458818527006
         94.90458818527006
        -95.00082450018429
         95.00082450018429
         -95.0961666311575
          95.0961666311575
        -95.19061368079323
         95.19061368079323
        -95.28416476011986
         95.28416476011986
        -95.37681898859903
         95.37681898859903
        -95.46857549413383
         95.46857549413383
        -95.55943341307712
         95.55943341307712
         -95.6493918902395
         95.64939189023951
        -95.73845007889759
         95.73845007889759
        -95.82660714080177
         95.82660714080177
        -95.91386224618419
         95.91386224618419
        -96.00021457376658
          96.0002145737666
        -96.08566331076796
         96.08566331076797
        -96.17020765291225
         96.17020765291225
        -96.25384680443591
         96.25384680443591
        -96.33657997809539
          96.3365799780954
        -96.41840639517459
         96.41840639517459
        -96.49932528549203
         96.49932528549203
        -96.57933588740836
         96.57933588740836
        -96.65843744783331
         96.65843744783331
        -96.73662922223285
         96.73662922223285
        -96.81391047463623
         96.81391047463624
        -96.89028047764289
         96.89028047764289
        -96.96573851242924
         96.96573851242924
        -97.04028386875555
         97.04028386875555
        -97.11391584497251
         97.11391584497251
        -97.18663374802793
         97.18663374802794
        -97.25843689347322
         97.25843689347322
        -97.32932460546982
         97.32932460546982
        -97.39929621679558
         97.39929621679558
        -97.46835106885106
         97.46835106885106
         -97.5364885116657
          97.5364885116657
         -97.6037079039039
          97.6037079039039
        -97.67000861287117
         97.67000861287119
        -97.73539001451999
         97.73539001451999
        -97.79985149345572
         97.79985149345572
        -97.86339244294231
         97.86339244294233
        -97.92601226490819
         97.92601226490819
        -97.98771036995177
         97.98771036995177
        -98.04848617734694
         98.04848617734694
        -98.10833911504866
         98.10833911504866
        -98.16726861969831
         98.16726861969831
        -98.22527413662894
         98.22527413662894
        -98.28235511987053
         98.28235511987053
        -98.33851103215511
         98.33851103215511
        -98.39374134492189
         98.39374134492189
        -98.44804553832209
         98.44804553832209
        -98.50142310122398
         98.50142310122398
         -98.5538735312176
          98.5538735312176
        -98.60539633461954
         98.60539633461954
        -98.65599102647754
         98.65599102647754
        -98.70565713057509
         98.70565713057509
        -98.75439417943592
         98.75439417943592
        -98.80220171432835
         98.80220171432835
        -98.84907928526965
         98.84907928526965
         -98.8950264510303
          98.8950264510303
        -98.94004277913804
         98.94004277913804
        -98.98412784588206
         98.98412784588206
        -99.02728123631691
         99.02728123631691
        -99.06950254426647
         99.06950254426647
        -99.11079137232768
         99.11079137232768
        -99.15114733187438
         99.15114733187438
        -99.19057004306093
         99.19057004306093
        -99.22905913482573
         99.22905913482573
         -99.2666142448948
          99.2666142448948
        -99.30323501978513
         99.30323501978513
        -99.33892111480806
         99.33892111480806
        -99.37367219407245
         99.37367219407245
        -99.40748793048793
         99.40748793048793
        -99.44036800576791
         99.44036800576791
        -99.47231211043257
         99.47231211043257
        -99.50331994381186
         99.50331994381186
        -99.53339121404822
         99.53339121404822
        -99.56252563809943
         99.56252563809943
        -99.59072294174118
         99.59072294174118
        -99.61798285956969
         99.61798285956969
        -99.64430513500426
         99.64430513500426
        -99.66968952028961
         99.66968952028961
        -99.69413577649821
         99.69413577649821
        -99.71764367353261
         99.71764367353262
        -99.74021299012753
         99.74021299012753
        -99.76184351385196
         99.76184351385196
        -99.78253504111116
         99.78253504111116
        -99.80228737714863
         99.80228737714863
        -99.82110033604782
         99.82110033604782
        -99.83897374073402
         99.83897374073402
        -99.85590742297593
         99.85590742297593
         -99.8719012233873
          99.8719012233873
        -99.88695499142835
         99.88695499142835
        -99.90106858540734
         99.90106858540734
         -99.9142418724817
          99.9142418724817
        -99.92647472865944
         99.92647472865944
        -99.93776703880029
         99.93776703880029
        -99.94811869661669
         99.94811869661669
        -99.95752960467492
         99.95752960467492
        -99.96599967439592
         99.96599967439592
        -99.97352882605617
         99.97352882605617
        -99.98011698878842
         99.98011698878842
        -99.98576410058239
         99.98576410058239
        -99.99047010828528
         99.99047010828529
         -99.9942349676024
          99.9942349676024
        -99.99705864309742
         99.99705864309742
        -99.99894110819284
         99.99894110819284
        -99.99988234517019
         99.99988234517019
        -96.98048434463868
        -97.06060431334187
        -96.89930381289635
        -97.13966284282678
        -96.81706360589214
        -97.21765906852197
        -96.73376462299184
        -97.29459213747324
        -96.64940777513972
        -97.37046120835288
        -96.56399398484878
        -97.44526545146887
        -96.47752418619054
        -97.51900404877397
        -96.38999932478487
        -97.59167619387475
        -96.30142035778961
        -97.66328109204022
        -96.21178825389019
        -97.73381796021073
         -96.1211039932889
        -97.80328602700635
        -96.02936856769431
        -97.87168453273544
        -95.93658298031033
        -97.93901272940295
        -95.84274824582528
        -98.00526988071844
        -95.74786539040076
        -98.07045526210435
        -95.65193545166052
        -98.13456816070379
        -95.55495947867895
        -98.19760787538837
        -95.45693853196981
        -98.25957371676589
        -95.35787368347441
        -98.32046500718779
        -95.25776601655011
        -98.38028108075673
        -95.15661662595828
        -98.43902128333366
        -95.05442661785249
        -98.49668497254518
        -94.95119710976626
        -98.55327151779039
        -94.84692923060095
        -98.60878030024793
        -94.74162412061339
        -98.66321071288262
        -94.63528293140342
         -98.7165621604522
        -94.52790682590123
        -98.76883405951378
        -94.41949697835469
        -98.82002583843025
        -94.31005457431654
        -98.87013693737651
        -94.19958081063136
        -98.91916680834565
        -94.08807689542255
         -98.9671149151548
        -93.97554404807906
        -99.01398073345118
        -93.86198349924206
        -99.05976375071771
        -93.74739649079153
        -99.10446346627863
        -93.63178427583266
          -99.148079391305
        -93.51514811868208
         -99.1906110488201
        -93.39748929485411
        -99.23205797370451
        -93.27880909104682
        -99.27241971270129
         -93.1591088051279
        -99.31169582442095
        -93.03838974612049
         -99.3498858793462
         -92.9166532341889
        -99.38698945983676
        -92.79390060062408
        -99.42300616013377
        -92.67013318782921
        -99.45793558636439
        -92.54535234930485
        -99.49177735654601
        -92.41955944963428
        -99.52453110059044
         -92.2927558644685
          -99.556196460308
        -92.16494298051119
        -99.58677308941138
        -92.03612219550357
        -99.61626065351949
        -91.90629491820911
        -99.64465883016099
        -91.77546256839814
        -99.67196730877804
         -91.6436265768322
        -99.69818579072944
        -91.51078838524866
        -99.72331398929411
        -91.37694944634464
        -99.74735162967407
        -91.24211122376137
        -99.77029844899755
        -91.10627519206807
        -99.79215419632182
        -90.96944283674571
         -99.8129186326359
        -90.83161565417113
        -99.83259153086327
        -90.69279515160027
        -99.85117267586425
        -90.55298284715188
        -99.86866186443841
        -90.41218026979098
        -99.88505890532679
        -90.27038895931192
        -99.90036361921399
        -90.12761046632181
         -99.9145758387301
        -89.98384635222335
        -99.92769540845258
        -89.83909818919791
        -99.93972218490789
        -89.69336756018814
        -99.95065603657316
        -89.54665605888086
        -99.96049684387751
        -89.39896528968958
        -99.96924449920348
        -89.25029686773686
        -99.97689890688808
        -89.10065241883682
        -99.98345998322395
        -88.95003357947705
        -99.98892765646022
         -88.7984419968011
        -99.99330186680328
        -88.64587932859027
        -99.99658256641746
        -88.49234724324542
        -99.99876971942557
        -88.33784741976889
        -99.99986330190924
         -88.1823815477459
        -99.99986330190924
        -88.02595132732635
        -99.99876971942557
        -87.86855846920612
        -99.99658256641746
        -87.71020469460829
        -99.99330186680328
        -87.55089173526432
        -99.98892765646022
        -87.39062133339517
        -99.98345998322395
        -87.22939524169237
        -99.97689890688808
         -87.0672152232986
        -99.96924449920347
        -86.90408305178859
        -99.96049684387751
        -86.74000051114955
        -99.95065603657316
        -86.57496939576185
        -99.93972218490789
        -86.40899151037942
        -99.92769540845258
        -86.24206867010977
         -99.9145758387301
        -86.07420270039438
        -99.90036361921399
        -85.90539543698854
        -99.88505890532679
        -85.73564872594143
        -99.86866186443841
        -85.56496442357594
        -99.85117267586423
        -85.39334439646828
        -99.83259153086325
        -85.22079052142747
         -99.8129186326359
         -85.0473046854751
        -99.79215419632182
        -84.87288878582446
        -99.77029844899755
        -84.69754472985991
        -99.74735162967407
        -84.52127443511598
        -99.72331398929411
         -84.3440798292563
        -99.69818579072944
        -84.16596285005272
        -99.67196730877804
        -83.98692544536397
        -99.64465883016099
        -83.80696957311446
        -99.61626065351948
        -83.62609720127281
        -99.58677308941138
        -83.44431030783022
          -99.556196460308
        -83.26161088077905
        -99.52453110059044
        -83.07800091809095
          -99.491777356546
        -82.89348242769516
        -99.45793558636439
        -82.70805742745621
        -99.42300616013377
        -82.52172794515222
        -99.38698945983676
        -82.33449601845258
        -99.34988587934622
        -82.14636369489561
        -99.31169582442094
        -81.95733303186637
        -99.27241971270129
        -81.76740609657375
         -99.2320579737045
        -81.57658496602836
         -99.1906110488201
         -81.3848717270195
          -99.148079391305
        -81.19226847609244
        -99.10446346627862
        -80.99877731952553
        -99.05976375071771
        -80.80440037330696
        -99.01398073345118
        -80.60913976311191
         -98.9671149151548
        -80.41299762427916
        -98.91916680834564
         -80.2159761017877
        -98.87013693737651
        -80.01807735023331
        -98.82002583843025
        -79.81930353380503
        -98.76883405951376
         -79.6196568262615
        -98.71656216045218
        -79.41913941090711
        -98.66321071288262
        -79.21775348056823
        -98.60878030024793
        -79.01550123756905
        -98.55327151779039
        -78.81238489370776
        -98.49668497254517
        -78.60840667023211
        -98.43902128333366
        -78.40356879781531
        -98.38028108075672
        -78.19787351653153
        -98.32046500718778
        -77.99132307583133
        -98.25957371676587
         -77.7839197345173
        -98.19760787538836
        -77.57566576071915
        -98.13456816070378
        -77.36656343186897
        -98.07045526210433
        -77.15661503467631
        -98.00526988071843
         -76.9458228651032
        -97.93901272940293
        -76.73418922833905
        -97.87168453273544
         -76.5217164387754
        -97.80328602700634
        -76.30840681998068
        -97.73381796021071
        -76.09426270467462
        -97.66328109204022
          -75.879286434703
        -97.59167619387475
        -75.66348036101188
        -97.51900404877397
        -75.44684684362188
        -97.44526545146884
         -75.2293882516025
        -97.37046120835288
        -75.01110696304598
        -97.29459213747323
        -74.79200536504153
        -97.21765906852198
        -74.57208585364917
        -97.13966284282675
        -74.35135083387344
        -97.06060431334187
        -74.12980271963711
        -96.98048434463867
        -73.90744393375486
        -96.89930381289635
        -73.68427690790679
        -96.81706360589216
        -73.46030408261171
        -96.73376462299183
        -73.23552790720061
        -96.64940777513972
        -73.00995083978964
        -96.56399398484878
        -72.78357534725352
        -96.47752418619054
        -72.55640390519835
        -96.38999932478485
        -72.32843899793465
         -96.3014203577896
        -72.09968311845014
        -96.21178825389018
        -71.87013876838239
         -96.1211039932889
        -71.63980845799171
        -96.02936856769431
        -71.40869470613342
        -95.93658298031032
        -71.17680004023056
        -95.84274824582528
        -70.94412699624596
        -95.74786539040076
        -70.71067811865477
        -95.65193545166051
        -70.47645596041653
        -95.55495947867895
        -70.24146308294723
         -95.4569385319698
        -70.00570205609137
        -95.35787368347441
        -69.76917545809368
        -95.25776601655009
        -69.53188587557122
        -95.15661662595829
         -69.2938359034848
        -95.05442661785249
        -69.05502814511082
        -94.95119710976623
        -68.81546521201263
        -94.84692923060094
        -68.57514972401208
        -94.74162412061339
        -68.33408430916084
        -94.63528293140342
        -68.09227160371172
        -94.52790682590123
         -67.8497142520897
        -94.41949697835467
        -67.60641490686307
        -94.31005457431652
        -67.36237622871452
        -94.19958081063135
        -67.11760088641195
        -94.08807689542255
        -66.87209155677928
        -93.97554404807906
        -66.62585092466723
        -93.86198349924206
        -66.37888168292383
        -93.74739649079153
        -66.13118653236519
        -93.63178427583266
        -65.88276818174579
        -93.51514811868206
        -65.63362934772893
        -93.39748929485411
        -65.38377275485693
        -93.27880909104681
         -65.1332011355215
        -93.15910880512789
        -64.88191722993373
         -93.0383897461205
        -64.62992378609408
        -92.91665323418889
         -64.3772235597626
        -92.79390060062408
         -64.1238193144284
        -92.67013318782919
        -63.86971382127968
        -92.54535234930485
        -63.61490985917349
        -92.41955944963429
        -63.35941021460504
         -92.2927558644685
        -63.10321768167761
        -92.16494298051117
        -62.84633506207166
        -92.03612219550355
        -62.58876516501426
        -91.90629491820911
        -62.33051080724869
        -91.77546256839811
        -62.07157481300317
        -91.64362657683219
        -61.81196001396017
        -91.51078838524865
        -61.55166924922567
        -91.37694944634464
        -61.29070536529765
        -91.24211122376138
        -61.02907121603545
        -91.10627519206803
        -60.76676966262817
        -90.96944283674571
        -60.50380357356349
        -90.83161565417112
        -60.24017582459656
        -90.69279515160025
        -59.97588929871805
        -90.55298284715188
        -59.71094688612325
        -90.41218026979095
        -59.44535148417985
         -90.2703889593119
         -59.1791059973965
         -90.1276104663218
        -58.91221333739139
        -89.98384635222337
        -58.64467642285973
        -89.83909818919788
        -58.37649817954248
        -89.69336756018811
        -58.10768154019388
        -89.54665605888084
        -57.83822944454955
        -89.39896528968957
         -57.5681448392946
        -89.25029686773688
        -57.29743067803085
        -89.10065241883677
        -57.02608992124512
        -88.95003357947704
        -56.75412553627641
        -88.79844199680109
        -56.48154049728358
        -88.64587932859025
        -56.20833778521309
        -88.49234724324543
        -55.93452038776587
        -88.33784741976885
        -55.66009129936528
        -88.18238154774589
        -55.38505352112376
        -88.02595132732634
        -55.10941006081033
        -87.86855846920614
        -54.83316393281786
        -87.71020469460828
        -54.55631815812968
        -87.55089173526429
        -54.27887576428672
        -87.39062133339517
        -54.00083978535475
        -87.22939524169236
         -53.7222132618905
         -87.0672152232986
        -53.44299924090914
        -86.90408305178855
        -53.16320077585041
        -86.74000051114953
        -52.88282092654543
        -86.57496939576184
        -52.60186275918345
        -86.40899151037942
        -52.32032934627782
        -86.24206867010979
        -52.03822376663298
        -86.07420270039435
        -51.75554910531031
        -85.90539543698853
        -51.47230845359451
        -85.73564872594142
        -51.18850490896013
        -85.56496442357596
        -50.90414157503711
        -85.39334439646824
        -50.61922156157748
        -85.22079052142746
        -50.33374798442075
        -85.04730468547508
        -50.04772396546018
        -84.87288878582444
        -49.76115263260874
        -84.69754472985991
        -49.47403711976449
        -84.52127443511596
         -49.1863805667768
        -84.34407982925629
         -48.8981861194116
        -84.16596285005271
         -48.6094569293171
        -83.98692544536398
        -48.32019615398962
        -83.80696957311447
         -48.0304069567385
        -83.62609720127277
        -47.74009250665214
        -83.44431030783021
        -47.44925597856275
        -83.26161088077903
        -47.15790055301196
        -83.07800091809096
        -46.86602941621616
        -82.89348242769512
        -46.57364576003126
         -82.7080574274562
        -46.28075278191801
        -82.52172794515221
        -45.98735368490725
        -82.33449601845257
        -45.69345167756433
        -82.14636369489561
        -45.39904997395469
        -81.95733303186631
        -45.10415179360811
        -81.76740609657374
        -44.80876036148375
        -81.57658496602835
        -44.51287890793516
        -81.38487172701949
        -44.21651066867434
        -81.19226847609244
        -43.91965888473705
        -80.99877731952549
        -43.62232680244674
        -80.80440037330695
        -43.32451767337935
         -80.6091397631119
        -43.02623475432797
        -80.41299762427914
        -42.72748130726665
        -80.21597610178766
        -42.42826059931538
        -80.01807735023328
        -42.12857590270381
        -79.81930353380503
        -41.82843049473568
        -79.61965682626149
        -41.52782765775324
        -79.41913941090711
         -41.2267706791008
        -79.21775348056819
        -40.92526285108941
        -79.01550123756904
        -40.62330747096029
        -78.81238489370774
        -40.32090784084901
         -78.6084066702321
        -40.01806726774965
         -78.4035687978153
        -39.71478906347803
        -78.19787351653147
        -39.41107654463616
        -77.99132307583132
        -39.10693303257541
         -77.7839197345173
        -38.80236185336043
        -77.57566576071912
        -38.49736633773298
        -77.36656343186893
        -38.19194982107509
        -77.15661503467629
        -37.88611564337276
        -76.94582286510318
        -37.57986714917973
        -76.73418922833903
         -37.2732076875803
        -76.52171643877539
        -36.96614061215339
        -76.30840681998063
        -36.65866928093523
        -76.09426270467461
        -36.35079705638297
        -75.87928643470299
         -36.0425273053381
        -75.66348036101186
        -35.73386339898907
        -75.44684684362187
        -35.42480871283505
        -75.22938825160244
         -35.1153666266485
        -75.01110696304596
        -34.80554052443843
        -74.79200536504152
         -34.4953337944136
        -74.57208585364916
        -34.18474982894495
         -74.3513508338734
        -33.87379202452922
        -74.12980271963708
        -33.56246378175081
        -73.90744393375485
        -33.25076850524566
        -73.68427690790678
        -32.93870960366346
         -73.4603040826117
        -32.62629048963021
        -73.23552790720056
        -32.31351457971152
        -73.00995083978961
         -32.0003852943743
         -72.7835753472535
        -31.68690605795042
        -72.55640390519838
        -31.37308029859865
        -72.32843899793464
        -31.05891144826708
        -72.09968311845009
        -30.74440294265615
        -71.87013876838239
        -30.42955822118017
        -71.63980845799169
        -30.11438072693072
        -71.40869470613345
        -29.79887390663847
        -71.17680004023052
        -29.48304121063538
        -70.94412699624594
        -29.16688609281722
        -70.71067811865474
        -28.85041201060561
         -70.4764559604165
         -28.5336224249105
        -70.24146308294725
        -28.21652080009212
        -70.00570205609131
        -27.89911060392296
        -69.76917545809367
        -27.58139530755007
        -69.53188587557119
        -27.26337838545693
        -69.29383590348482
        -26.94506331542576
        -69.05502814511081
        -26.62645357849923
        -68.81546521201257
        -26.30755265894231
        -68.57514972401205
        -25.98836404420434
        -68.33408430916083
        -25.66889122488081
        -68.09227160371172
        -25.34913769467537
        -67.84971425208968
        -25.02910695036155
        -67.60641490686305
        -24.70880249174397
        -67.36237622871451
        -24.38822782162114
        -67.11760088641194
        -24.06738644574609
         -66.8720915567793
        -23.74628187278882
         -66.6258509246672
        -23.42491761429764
        -66.37888168292382
        -23.10329718466026
        -66.13118653236518
        -22.78142410106644
         -65.8827681817458
        -22.45930188346847
        -65.63362934772891
        -22.13693405454348
        -65.38377275485692
        -21.81432413965432
        -65.13320113552147
        -21.49147566681125
        -64.88191722993368
        -21.16839216663362
         -64.6299237860941
        -20.84507717231063
        -64.37722355976258
        -20.52153421956346
        -64.12381931442836
         -20.1977668466059
        -63.86971382127966
        -19.87377859410599
        -63.61490985917344
        -19.54957300514743
        -63.35941021460505
        -19.22515362519069
        -63.10321768167759
        -18.90052400203405
         -62.8463350620716
        -18.57568768577506
        -62.58876516501424
        -18.25064822877154
        -62.33051080724867
          -17.925409185603
        -62.07157481300312
        -17.59997411303168
        -61.81196001396015
        -17.27434656996306
        -61.55166924922562
        -16.94853011740802
        -61.29070536529763
        -16.62252831844294
        -61.02907121603543
        -16.29634473817132
        -60.76676966262811
        -15.96998294368473
        -60.50380357356347
         -15.6434465040231
         -60.2401758245965
         -15.3167389901369
        -59.97588929871803
        -14.98986397484698
        -59.71094688612323
        -14.66282503280621
        -59.44535148417979
        -14.33562574046026
         -59.1791059973965
         -14.0082696760078
        -58.91221333739134
        -13.68076041936257
        -58.64467642285975
        -13.35310155211316
        -58.37649817954246
        -13.02529665748463
        -58.10768154019382
        -12.69734932029868
        -57.83822944454953
        -12.36926312693477
        -57.56814483929455
        -12.04104166529113
        -57.29743067803086
        -11.71268852474489
         -57.0260899212451
        -11.38420729611357
        -56.75412553627636
        -11.05560157161517
        -56.48154049728357
        -10.72687494482916
        -56.20833778521303
        -10.39803101065744
        -55.93452038776589
        -10.06907336528442
        -55.66009129936526
        -9.740005606138363
        -55.38505352112369
        -9.410831331851485
        -55.10941006081032
        -9.081554142220824
        -54.83316393281784
        -8.752177638169144
        -54.55631815812961
        -8.422705421705038
         -54.2788757642867
        -8.093141095883787
        -54.00083978535469
        -7.763488264768236
        -53.72221326189047
        -7.433750533388753
        -53.44299924090913
        -7.103931507704518
        -53.16320077585036
        -6.774034794563466
        -52.88282092654545
        -6.444064001663108
        -52.60186275918339
        -6.114022737511347
        -52.32032934627779
        -5.783914611386392
        -52.03822376663297
        -5.453743233298002
        -51.75554910531025
        -5.123512213947378
        -51.47230845359453
        -4.793225164687954
        -51.18850490896008
        -4.462885697486159
        -50.90414157503713
        -4.132497424881307
        -50.61922156157745
        -3.802063959946789
         -50.3337479844207
        -3.471588916249948
        -50.04772396546019
         -3.14107590781283
        -49.76115263260868
        -2.810528549072917
         -49.4740371197645
        -2.479950454842989
        -49.18638056677678
        -2.149345240272299
        -48.89818611941158
        -1.818716520806416
        -48.60945692931712
        -1.488067912147958
         -48.3201961539896
         -1.15740303021731
        -48.03040695673852
       -0.8267254911124681
        -47.74009250665212
       -0.4960389110701969
        -47.44925597856274
       -0.1653469064258667
        -47.15790055301194
          0.16534690642583
        -46.86602941621614
        0.4960389110701601
         -46.5736457600312
        0.8267254911124313
        -46.28075278191803
         1.157403030217274
        -45.98735368490723
         1.488067912147921
        -45.69345167756431
         1.818716520806379
        -45.39904997395467
         2.149345240272262
        -45.10415179360805
         2.479950454842952
        -44.80876036148377
          2.81052854907288
        -44.51287890793514
         3.141075907812793
        -44.21651066867437
         3.471588916249912
        -43.91965888473703
         3.802063959946752
        -43.62232680244668
          4.13249742488127
        -43.32451767337937
         4.462885697486123
        -43.02623475432795
         4.793225164687917
        -42.72748130726667
         5.123512213947342
        -42.42826059931536
         5.453743233297965
        -42.12857590270379
         5.783914611386356
        -41.82843049473569
          6.11402273751131
        -41.52782765775319
         6.444064001663071
        -41.22677067910082
          6.77403479456343
        -40.92526285108939
         7.103931507704482
        -40.62330747096027
         7.433750533388716
        -40.32090784084901
         7.763488264768199
        -40.01806726774964
          8.09314109588375
        -39.71478906347804
            8.422705421705
        -39.41107654463614
         8.752177638169108
        -39.10693303257539
         9.081554142220787
        -38.80236185336042
         9.410831331851449
        -38.49736633773298
         9.740005606138325
        -38.19194982107502
         10.06907336528438
        -37.88611564337278
         10.39803101065741
        -37.57986714917971
         10.72687494482913
         -37.2732076875803
         11.05560157161514
        -36.96614061215338
         11.38420729611353
        -36.65866928093517
         11.71268852474485
        -36.35079705638299
         12.04104166529109
        -36.04252730533808
         12.36926312693473
         -35.7338633989891
         12.69734932029864
        -35.42480871283505
         13.02529665748459
        -35.11536662664844
         13.35310155211313
        -34.80554052443844
         13.68076041936253
        -34.49533379441358
         14.00826967600776
        -34.18474982894499
         14.33562574046022
        -33.87379202452914
         14.66282503280618
        -33.56246378175079
         14.98986397484694
        -33.25076850524567
         15.31673899013687
        -32.93870960366342
         15.64344650402307
        -32.62629048963024
         15.96998294368469
        -32.31351457971143
         16.29634473817128
        -32.00038529437428
          16.6225283184429
        -31.68690605795043
         16.94853011740799
        -31.37308029859865
         17.27434656996302
        -31.05891144826712
         17.59997411303164
        -30.74440294265607
         17.92540918560296
        -30.42955822118014
          18.2506482287715
        -30.11438072693073
         18.57568768577503
        -29.79887390663847
         18.90052400203402
        -29.48304121063534
         19.22515362519066
        -29.16688609281716
         19.54957300514739
        -28.85041201060559
         19.87377859410595
        -28.53362242491052
         20.19776684660586
        -28.21652080009212
         20.52153421956342
        -27.89911060392292
          20.8450771723106
           -27.58139530755
         21.16839216663358
        -27.26337838545691
         21.49147566681122
         -26.9450633154258
         21.81432413965429
        -26.62645357849923
         22.13693405454345
        -26.30755265894226
         22.45930188346843
        -25.98836404420427
         22.78142410106641
        -25.66889122488079
         23.10329718466023
        -25.34913769467541
          23.4249176142976
        -25.02910695036146
         23.74628187278878
        -24.70880249174395
         24.06738644574606
        -24.38822782162107
